33.0
16.0
11.0
16.0
11.0
16.0
11.0
11.0
11.0
11.0
20.0
16.0
16.0
16.0
16.0
16.0
16.0
16.0
16.0
16.0
16.0
16.0
10.0
10.0
10.0
11.0
11.0
10.0
11.0
11.0
10.0
16.0
16.0
16.0
16.0
16.0
33.0
16.0
16.0
16.0
16.0
16.0
16.0
16.0
16.0
16.0
33.0
16.0
16.0
16.0
16.0
16.0
16.0
16.0
16.0
16.0
16.0
16.0
16.0
16.0
16.0
16.0
16.0
16.0
16.0
16.0
16.0
11.0
16.0
11.0
11.0
11.0
11.0
11.0
16.0
16.0
16.0
16.0
16.0
11.0
16.0
11.0
20.0
16.0
11.0
16.0
11.0
11.0
16.0
22.0
16.0
11.0
11.0
16.0
16.0
11.0
33.0
16.0
16.0
16.0
16.0
16.0
16.0
11.0
16.0
16.0
33.0
16.0
11.0
16.0
16.0
16.0
33.0
16.0
33.0
16.0
16.0
11.0
11.0
16.0
11.0
11.0
11.0
11.0
11.0
11.0
11.0
11.0
11.0
11.0
16.0
11.0
11.0
11.0
11.0
11.0
11.0
11.0
11.0
11.0
11.0
11.0
16.0
16.0
11.0
11.0
20.0
16.0
16.0
11.0
11.0
16.0
16.0
11.0
11.0
16.0
16.0
16.0
16.0
16.0
20.0
16.0
33.0
11.0
33.0
33.0
16.0
11.0
16.0
11.0
16.0
16.0
16.0
11.0
11.0
11.0
11.0
11.0
11.0
11.0
11.0
11.0
11.0
11.0
11.0
11.0
11.0
16.0
16.0
16.0
16.0
11.0
16.0
16.0
16.0
16.0
11.0
16.0
16.0
16.0
11.0
16.0
11.0
11.0
11.0
11.0
11.0
11.0
11.0
11.0
11.0
11.0
11.0
11.0
11.0
11.0
11.0
11.0
11.0
11.0
11.0
11.0
11.0
11.0
11.0
11.0
11.0
11.0
11.0
11.0
11.0
11.0
11.0
11.0
11.0
16.0
11.0
11.0
11.0
11.0
11.0
11.0
16.0
11.0
11.0
16.0
33.0
11.0
11.0
16.0
16.0
11.0
11.0
16.0
11.0
16.0
16.0
11.0
16.0
11.0
11.0
16.0
16.0
11.0
16.0
11.0
11.0
33.0
11.0
11.0
11.0
11.0
16.0
16.0
16.0
11.0
16.0
11.0
11.0
16.0
16.0
16.0
20.0
11.0
11.0
11.0
11.0
11.0
11.0
16.0
11.0
11.0
11.0
16.0
11.0
11.0
11.0
16.0
11.0
16.0
