33.0
20.0
45.0
33.0
45.0
16.0
45.0
7.0
45.0
45.0
37.0
33.0
16.0
16.0
33.0
16.0
16.0
33.0
33.0
33.0
16.0
33.0
16.0
16.0
16.0
45.0
45.0
16.0
45.0
45.0
16.0
33.0
33.0
16.0
33.0
33.0
33.0
33.0
33.0
33.0
33.0
33.0
33.0
16.0
16.0
16.0
33.0
33.0
33.0
33.0
33.0
33.0
33.0
33.0
33.0
33.0
33.0
33.0
33.0
33.0
33.0
16.0
33.0
33.0
16.0
33.0
33.0
45.0
33.0
45.0
7.0
45.0
45.0
45.0
16.0
16.0
16.0
16.0
16.0
45.0
16.0
45.0
37.0
33.0
45.0
33.0
45.0
7.0
33.0
16.0
16.0
45.0
45.0
16.0
33.0
45.0
33.0
33.0
16.0
16.0
16.0
33.0
16.0
45.0
16.0
16.0
33.0
16.0
45.0
33.0
33.0
33.0
33.0
33.0
33.0
33.0
33.0
45.0
45.0
16.0
45.0
45.0
45.0
45.0
45.0
45.0
45.0
45.0
45.0
45.0
33.0
45.0
45.0
45.0
45.0
45.0
45.0
45.0
45.0
45.0
45.0
7.0
16.0
16.0
45.0
45.0
37.0
16.0
16.0
45.0
45.0
16.0
33.0
45.0
45.0
33.0
33.0
16.0
33.0
33.0
37.0
33.0
33.0
45.0
33.0
33.0
16.0
45.0
33.0
45.0
33.0
33.0
16.0
45.0
45.0
45.0
45.0
45.0
45.0
45.0
45.0
45.0
45.0
45.0
45.0
45.0
45.0
33.0
33.0
33.0
33.0
45.0
16.0
33.0
16.0
16.0
45.0
33.0
33.0
33.0
7.0
33.0
45.0
45.0
45.0
45.0
45.0
45.0
45.0
45.0
45.0
45.0
45.0
45.0
45.0
45.0
45.0
45.0
45.0
45.0
45.0
45.0
45.0
45.0
45.0
45.0
45.0
45.0
45.0
45.0
45.0
45.0
45.0
45.0
45.0
33.0
45.0
45.0
45.0
45.0
45.0
45.0
33.0
45.0
45.0
33.0
33.0
45.0
45.0
33.0
33.0
45.0
45.0
33.0
45.0
33.0
33.0
45.0
33.0
45.0
45.0
33.0
33.0
45.0
33.0
45.0
45.0
33.0
45.0
45.0
45.0
45.0
16.0
33.0
33.0
45.0
33.0
45.0
45.0
33.0
33.0
16.0
37.0
7.0
45.0
45.0
45.0
45.0
45.0
33.0
45.0
45.0
45.0
20.0
45.0
7.0
45.0
33.0
45.0
33.0
