4.0
25.0
45.0
4.0
45.0
16.0
45.0
10.0
45.0
45.0
10.0
4.0
4.0
4.0
4.0
16.0
16.0
4.0
4.0
4.0
4.0
4.0
8.0
8.0
8.0
45.0
45.0
8.0
45.0
45.0
8.0
4.0
4.0
4.0
4.0
4.0
4.0
4.0
4.0
4.0
4.0
4.0
4.0
4.0
16.0
16.0
4.0
4.0
4.0
4.0
4.0
4.0
4.0
4.0
4.0
4.0
4.0
4.0
4.0
4.0
4.0
16.0
4.0
4.0
4.0
4.0
4.0
45.0
4.0
45.0
10.0
45.0
45.0
45.0
4.0
4.0
4.0
4.0
4.0
45.0
4.0
45.0
10.0
4.0
45.0
4.0
45.0
10.0
4.0
8.0
16.0
45.0
45.0
16.0
4.0
45.0
4.0
4.0
4.0
4.0
16.0
4.0
4.0
45.0
16.0
16.0
4.0
16.0
45.0
4.0
4.0
4.0
4.0
4.0
4.0
4.0
4.0
45.0
45.0
4.0
45.0
45.0
45.0
45.0
45.0
45.0
45.0
45.0
45.0
45.0
4.0
45.0
45.0
45.0
45.0
45.0
45.0
45.0
45.0
45.0
45.0
10.0
16.0
4.0
45.0
45.0
10.0
16.0
16.0
45.0
45.0
16.0
4.0
45.0
45.0
4.0
4.0
16.0
4.0
4.0
10.0
4.0
4.0
45.0
4.0
4.0
4.0
45.0
4.0
45.0
4.0
4.0
10.0
45.0
45.0
45.0
45.0
45.0
45.0
45.0
45.0
45.0
45.0
45.0
45.0
45.0
45.0
4.0
4.0
4.0
4.0
45.0
4.0
4.0
4.0
4.0
45.0
4.0
4.0
4.0
10.0
4.0
45.0
45.0
45.0
45.0
45.0
45.0
45.0
45.0
45.0
45.0
45.0
45.0
45.0
45.0
45.0
45.0
45.0
45.0
45.0
45.0
45.0
45.0
45.0
45.0
45.0
45.0
45.0
45.0
45.0
45.0
45.0
45.0
45.0
4.0
45.0
45.0
45.0
45.0
45.0
45.0
4.0
45.0
45.0
4.0
4.0
45.0
45.0
4.0
4.0
45.0
45.0
4.0
45.0
4.0
4.0
45.0
4.0
45.0
45.0
4.0
4.0
45.0
4.0
45.0
45.0
4.0
45.0
45.0
45.0
45.0
16.0
4.0
4.0
45.0
4.0
45.0
45.0
4.0
4.0
16.0
10.0
10.0
45.0
45.0
45.0
45.0
45.0
4.0
45.0
45.0
45.0
25.0
45.0
10.0
45.0
4.0
45.0
4.0
