4.0
16.0
38.0
16.0
38.0
16.0
38.0
10.0
38.0
10.0
16.0
16.0
16.0
16.0
16.0
16.0
16.0
16.0
16.0
16.0
16.0
16.0
8.0
8.0
8.0
38.0
38.0
8.0
38.0
38.0
8.0
16.0
16.0
16.0
16.0
16.0
4.0
4.0
16.0
16.0
16.0
16.0
16.0
16.0
16.0
16.0
4.0
16.0
4.0
4.0
16.0
4.0
16.0
4.0
4.0
16.0
16.0
4.0
16.0
16.0
4.0
16.0
4.0
16.0
16.0
16.0
16.0
38.0
4.0
38.0
10.0
38.0
38.0
10.0
16.0
16.0
16.0
16.0
16.0
38.0
16.0
38.0
37.0
16.0
38.0
16.0
38.0
10.0
16.0
8.0
16.0
38.0
38.0
16.0
16.0
38.0
4.0
16.0
16.0
16.0
16.0
16.0
16.0
38.0
16.0
16.0
4.0
16.0
38.0
16.0
4.0
4.0
4.0
16.0
4.0
16.0
16.0
38.0
38.0
16.0
38.0
38.0
38.0
38.0
38.0
38.0
38.0
38.0
38.0
38.0
16.0
38.0
38.0
38.0
38.0
38.0
38.0
38.0
38.0
38.0
38.0
10.0
16.0
16.0
38.0
38.0
37.0
16.0
16.0
38.0
38.0
16.0
16.0
38.0
38.0
16.0
16.0
16.0
4.0
4.0
37.0
4.0
4.0
38.0
4.0
4.0
16.0
38.0
4.0
38.0
16.0
4.0
8.0
38.0
38.0
38.0
38.0
38.0
38.0
38.0
38.0
38.0
38.0
38.0
38.0
38.0
38.0
16.0
16.0
16.0
16.0
38.0
16.0
4.0
16.0
16.0
38.0
4.0
4.0
16.0
10.0
16.0
38.0
38.0
38.0
38.0
38.0
38.0
38.0
38.0
38.0
38.0
38.0
38.0
38.0
38.0
38.0
38.0
38.0
38.0
38.0
38.0
38.0
38.0
38.0
38.0
38.0
38.0
38.0
38.0
38.0
38.0
38.0
38.0
38.0
4.0
38.0
38.0
38.0
38.0
38.0
38.0
16.0
38.0
38.0
16.0
4.0
38.0
38.0
4.0
4.0
38.0
38.0
4.0
38.0
4.0
16.0
38.0
4.0
38.0
38.0
16.0
4.0
10.0
16.0
38.0
38.0
4.0
38.0
38.0
38.0
38.0
16.0
16.0
4.0
38.0
16.0
38.0
38.0
16.0
16.0
16.0
37.0
10.0
38.0
38.0
38.0
38.0
38.0
4.0
38.0
38.0
38.0
16.0
38.0
37.0
38.0
16.0
38.0
16.0
