16.0
37.0
10.0
16.0
11.0
37.0
11.0
37.0
11.0
11.0
37.0
16.0
16.0
16.0
16.0
16.0
16.0
16.0
16.0
16.0
16.0
16.0
20.0
20.0
10.0
11.0
11.0
39.0
11.0
11.0
20.0
16.0
16.0
16.0
16.0
16.0
16.0
16.0
16.0
16.0
16.0
16.0
16.0
16.0
16.0
16.0
16.0
16.0
16.0
16.0
16.0
16.0
16.0
16.0
16.0
16.0
16.0
16.0
16.0
16.0
16.0
16.0
16.0
16.0
16.0
16.0
16.0
11.0
16.0
11.0
37.0
11.0
11.0
37.0
16.0
16.0
16.0
16.0
16.0
11.0
16.0
11.0
37.0
16.0
11.0
16.0
11.0
10.0
16.0
39.0
16.0
11.0
11.0
16.0
16.0
11.0
16.0
16.0
16.0
16.0
16.0
16.0
16.0
11.0
16.0
16.0
16.0
16.0
11.0
16.0
16.0
16.0
16.0
16.0
16.0
16.0
16.0
11.0
11.0
16.0
11.0
11.0
11.0
11.0
11.0
11.0
11.0
11.0
11.0
11.0
16.0
11.0
11.0
11.0
11.0
11.0
11.0
11.0
11.0
11.0
11.0
37.0
16.0
16.0
11.0
11.0
37.0
16.0
16.0
11.0
11.0
16.0
16.0
11.0
11.0
16.0
16.0
16.0
16.0
16.0
37.0
16.0
16.0
11.0
16.0
16.0
16.0
11.0
16.0
11.0
16.0
16.0
10.0
11.0
11.0
11.0
11.0
11.0
11.0
11.0
11.0
11.0
11.0
11.0
11.0
11.0
11.0
16.0
16.0
16.0
16.0
10.0
16.0
16.0
16.0
16.0
11.0
16.0
16.0
16.0
37.0
16.0
11.0
11.0
11.0
11.0
11.0
11.0
11.0
11.0
11.0
11.0
11.0
11.0
11.0
11.0
11.0
11.0
11.0
11.0
11.0
11.0
11.0
11.0
11.0
11.0
11.0
11.0
11.0
11.0
11.0
11.0
11.0
11.0
11.0
16.0
11.0
11.0
11.0
11.0
11.0
11.0
16.0
11.0
11.0
16.0
16.0
11.0
11.0
16.0
16.0
11.0
11.0
16.0
11.0
16.0
16.0
11.0
16.0
11.0
11.0
16.0
16.0
37.0
16.0
11.0
11.0
16.0
11.0
11.0
11.0
11.0
16.0
16.0
16.0
11.0
16.0
11.0
11.0
16.0
16.0
16.0
37.0
37.0
11.0
11.0
11.0
11.0
11.0
16.0
11.0
11.0
11.0
37.0
11.0
37.0
11.0
16.0
11.0
16.0
