4.0
1.0
1.0
20.0
10.0
1.0
23.0
1.0
23.0
23.0
1.0
2.0
16.0
20.0
8.0
20.0
20.0
8.0
4.0
4.0
16.0
4.0
8.0
8.0
8.0
10.0
10.0
8.0
10.0
10.0
8.0
16.0
8.0
16.0
16.0
16.0
15.0
4.0
16.0
16.0
4.0
16.0
16.0
16.0
20.0
20.0
4.0
16.0
4.0
4.0
4.0
4.0
15.0
4.0
4.0
8.0
15.0
4.0
8.0
16.0
4.0
1.0
4.0
20.0
20.0
20.0
16.0
10.0
4.0
10.0
1.0
1.0
1.0
1.0
16.0
16.0
20.0
3.0
20.0
10.0
1.0
10.0
1.0
16.0
10.0
4.0
10.0
1.0
8.0
8.0
1.0
10.0
10.0
20.0
16.0
10.0
4.0
8.0
20.0
20.0
8.0
8.0
1.0
10.0
20.0
8.0
4.0
8.0
30.0
8.0
4.0
4.0
4.0
8.0
4.0
8.0
8.0
10.0
10.0
3.0
10.0
1.0
10.0
10.0
10.0
10.0
10.0
10.0
10.0
10.0
8.0
10.0
10.0
10.0
10.0
10.0
10.0
10.0
10.0
10.0
10.0
1.0
1.0
1.0
1.0
30.0
1.0
1.0
1.0
10.0
10.0
1.0
4.0
10.0
30.0
16.0
16.0
1.0
4.0
4.0
1.0
4.0
4.0
10.0
4.0
4.0
16.0
30.0
4.0
10.0
16.0
4.0
8.0
1.0
10.0
10.0
10.0
10.0
10.0
10.0
1.0
10.0
10.0
10.0
10.0
10.0
10.0
16.0
16.0
16.0
16.0
1.0
20.0
4.0
20.0
20.0
1.0
4.0
4.0
2.0
1.0
1.0
10.0
10.0
10.0
10.0
10.0
10.0
10.0
10.0
10.0
10.0
10.0
10.0
10.0
10.0
10.0
10.0
10.0
10.0
10.0
10.0
10.0
10.0
10.0
10.0
10.0
10.0
10.0
10.0
10.0
10.0
10.0
10.0
10.0
4.0
10.0
10.0
10.0
10.0
10.0
10.0
16.0
10.0
30.0
4.0
4.0
10.0
10.0
4.0
4.0
10.0
10.0
4.0
30.0
4.0
4.0
10.0
4.0
10.0
10.0
8.0
4.0
1.0
8.0
10.0
10.0
4.0
10.0
10.0
10.0
10.0
8.0
2.0
4.0
10.0
4.0
10.0
10.0
4.0
4.0
1.0
1.0
1.0
10.0
10.0
10.0
10.0
10.0
4.0
10.0
30.0
10.0
1.0
10.0
1.0
10.0
20.0
10.0
16.0
