4.0
36.0
23.0
20.0
10.0
36.0
23.0
23.0
23.0
23.0
36.0
10.0
16.0
20.0
8.0
20.0
20.0
8.0
4.0
4.0
16.0
4.0
8.0
8.0
8.0
10.0
10.0
8.0
10.0
10.0
8.0
15.0
8.0
16.0
16.0
16.0
8.0
4.0
16.0
15.0
4.0
16.0
16.0
20.0
20.0
20.0
4.0
4.0
4.0
4.0
4.0
4.0
4.0
4.0
4.0
8.0
4.0
4.0
8.0
16.0
4.0
36.0
4.0
20.0
20.0
20.0
20.0
10.0
4.0
10.0
36.0
23.0
23.0
36.0
20.0
20.0
20.0
8.0
20.0
10.0
36.0
10.0
36.0
20.0
10.0
4.0
10.0
36.0
8.0
10.0
36.0
10.0
10.0
20.0
15.0
10.0
4.0
8.0
20.0
20.0
8.0
8.0
36.0
10.0
20.0
8.0
4.0
8.0
23.0
8.0
4.0
4.0
4.0
8.0
4.0
8.0
8.0
10.0
10.0
8.0
10.0
23.0
10.0
10.0
10.0
10.0
10.0
10.0
10.0
10.0
8.0
10.0
10.0
10.0
10.0
10.0
10.0
10.0
10.0
10.0
10.0
36.0
36.0
36.0
23.0
23.0
36.0
36.0
36.0
10.0
23.0
36.0
4.0
10.0
23.0
15.0
16.0
36.0
4.0
4.0
36.0
4.0
4.0
10.0
4.0
4.0
16.0
23.0
4.0
10.0
16.0
4.0
8.0
23.0
10.0
10.0
10.0
10.0
10.0
10.0
23.0
10.0
10.0
10.0
10.0
10.0
10.0
16.0
16.0
16.0
16.0
23.0
20.0
4.0
20.0
20.0
23.0
4.0
4.0
8.0
36.0
16.0
10.0
10.0
10.0
10.0
10.0
10.0
10.0
10.0
10.0
10.0
10.0
10.0
10.0
10.0
10.0
10.0
10.0
10.0
10.0
10.0
10.0
10.0
10.0
10.0
10.0
10.0
10.0
10.0
10.0
10.0
10.0
10.0
10.0
4.0
10.0
10.0
10.0
10.0
10.0
10.0
4.0
10.0
23.0
4.0
4.0
10.0
10.0
4.0
4.0
10.0
10.0
4.0
23.0
4.0
4.0
10.0
4.0
10.0
10.0
8.0
4.0
23.0
8.0
10.0
10.0
4.0
10.0
10.0
10.0
10.0
8.0
8.0
4.0
10.0
4.0
10.0
37.0
4.0
4.0
36.0
36.0
36.0
10.0
10.0
10.0
10.0
10.0
4.0
10.0
23.0
10.0
36.0
10.0
36.0
10.0
20.0
10.0
4.0
