20.0
34.0
34.0
20.0
7.0
34.0
1.0
34.0
37.0
1.0
34.0
8.0
16.0
8.0
10.0
20.0
20.0
10.0
20.0
16.0
16.0
20.0
10.0
10.0
10.0
7.0
10.0
10.0
7.0
7.0
10.0
16.0
10.0
16.0
16.0
16.0
8.0
16.0
16.0
16.0
16.0
16.0
16.0
16.0
20.0
20.0
20.0
16.0
20.0
20.0
16.0
20.0
20.0
20.0
20.0
10.0
20.0
20.0
10.0
16.0
20.0
16.0
20.0
20.0
20.0
20.0
20.0
7.0
20.0
7.0
34.0
34.0
34.0
34.0
16.0
16.0
20.0
20.0
20.0
7.0
16.0
7.0
34.0
20.0
7.0
16.0
7.0
34.0
10.0
10.0
16.0
7.0
7.0
20.0
16.0
7.0
20.0
10.0
20.0
20.0
10.0
10.0
16.0
7.0
20.0
10.0
20.0
10.0
37.0
10.0
20.0
20.0
20.0
10.0
20.0
10.0
10.0
7.0
10.0
20.0
10.0
37.0
7.0
7.0
7.0
7.0
7.0
7.0
7.0
7.0
10.0
7.0
7.0
7.0
7.0
7.0
7.0
7.0
7.0
7.0
7.0
34.0
16.0
16.0
1.0
37.0
34.0
34.0
16.0
10.0
37.0
16.0
16.0
7.0
37.0
16.0
16.0
34.0
20.0
20.0
34.0
20.0
20.0
7.0
20.0
20.0
16.0
37.0
20.0
10.0
16.0
20.0
8.0
34.0
7.0
10.0
7.0
7.0
7.0
7.0
34.0
7.0
7.0
7.0
7.0
10.0
7.0
16.0
16.0
16.0
16.0
34.0
16.0
16.0
20.0
20.0
1.0
20.0
20.0
8.0
34.0
16.0
7.0
7.0
7.0
7.0
7.0
7.0
7.0
7.0
7.0
7.0
7.0
7.0
7.0
7.0
7.0
7.0
7.0
7.0
7.0
7.0
7.0
7.0
10.0
7.0
7.0
7.0
10.0
7.0
7.0
7.0
7.0
7.0
7.0
20.0
7.0
7.0
7.0
7.0
7.0
7.0
16.0
7.0
37.0
16.0
20.0
10.0
7.0
20.0
20.0
7.0
7.0
20.0
37.0
20.0
20.0
7.0
20.0
7.0
7.0
10.0
20.0
34.0
10.0
7.0
10.0
20.0
10.0
7.0
7.0
10.0
20.0
10.0
20.0
7.0
20.0
7.0
10.0
20.0
20.0
16.0
34.0
34.0
7.0
7.0
7.0
7.0
7.0
20.0
7.0
37.0
7.0
34.0
7.0
34.0
7.0
20.0
10.0
16.0
