2.0
1.0
1.0
20.0
10.0
1.0
1.0
1.0
37.0
1.0
1.0
2.0
20.0
26.0
29.0
20.0
20.0
29.0
4.0
4.0
20.0
4.0
29.0
29.0
29.0
10.0
10.0
29.0
10.0
10.0
29.0
4.0
29.0
20.0
20.0
20.0
2.0
4.0
20.0
4.0
4.0
20.0
20.0
20.0
20.0
20.0
4.0
4.0
4.0
4.0
4.0
2.0
26.0
4.0
4.0
29.0
2.0
4.0
29.0
20.0
4.0
1.0
4.0
20.0
20.0
20.0
20.0
10.0
4.0
10.0
1.0
1.0
1.0
1.0
20.0
20.0
20.0
4.0
20.0
10.0
20.0
10.0
1.0
20.0
10.0
4.0
10.0
1.0
29.0
29.0
1.0
10.0
10.0
20.0
20.0
10.0
2.0
29.0
20.0
20.0
10.0
29.0
43.0
10.0
20.0
10.0
2.0
29.0
37.0
2.0
4.0
4.0
2.0
29.0
2.0
29.0
29.0
10.0
10.0
43.0
37.0
1.0
10.0
10.0
10.0
10.0
10.0
10.0
10.0
10.0
29.0
10.0
10.0
10.0
10.0
10.0
10.0
10.0
10.0
10.0
10.0
1.0
1.0
43.0
1.0
1.0
1.0
1.0
1.0
10.0
37.0
1.0
4.0
10.0
37.0
4.0
20.0
1.0
4.0
4.0
1.0
4.0
4.0
10.0
4.0
4.0
20.0
1.0
2.0
37.0
20.0
4.0
8.0
1.0
10.0
37.0
10.0
10.0
10.0
10.0
1.0
10.0
10.0
10.0
10.0
37.0
10.0
20.0
20.0
20.0
20.0
1.0
20.0
4.0
20.0
20.0
1.0
2.0
4.0
2.0
1.0
20.0
10.0
10.0
10.0
10.0
10.0
10.0
10.0
10.0
10.0
10.0
10.0
10.0
10.0
10.0
10.0
10.0
10.0
10.0
10.0
10.0
10.0
10.0
10.0
10.0
10.0
10.0
37.0
10.0
10.0
10.0
10.0
10.0
10.0
4.0
10.0
10.0
10.0
10.0
10.0
10.0
4.0
10.0
1.0
4.0
2.0
10.0
10.0
4.0
4.0
10.0
10.0
4.0
1.0
4.0
4.0
10.0
4.0
10.0
10.0
29.0
2.0
1.0
29.0
10.0
10.0
2.0
10.0
10.0
10.0
37.0
43.0
2.0
4.0
10.0
4.0
10.0
37.0
4.0
4.0
1.0
1.0
1.0
10.0
10.0
10.0
10.0
10.0
2.0
10.0
37.0
10.0
1.0
10.0
1.0
10.0
26.0
37.0
4.0
