2.0
16.0
1.0
20.0
10.0
16.0
1.0
1.0
1.0
1.0
1.0
22.0
16.0
26.0
22.0
20.0
16.0
22.0
3.0
3.0
16.0
3.0
22.0
7.0
7.0
10.0
10.0
22.0
10.0
10.0
7.0
16.0
22.0
16.0
16.0
16.0
22.0
3.0
16.0
16.0
3.0
16.0
16.0
16.0
16.0
16.0
2.0
16.0
3.0
2.0
16.0
2.0
26.0
3.0
2.0
22.0
2.0
3.0
22.0
16.0
2.0
16.0
3.0
16.0
16.0
16.0
16.0
10.0
3.0
10.0
1.0
1.0
1.0
1.0
16.0
16.0
20.0
20.0
16.0
10.0
16.0
10.0
1.0
16.0
10.0
16.0
10.0
1.0
22.0
22.0
16.0
10.0
10.0
16.0
16.0
10.0
2.0
22.0
20.0
20.0
7.0
22.0
16.0
10.0
20.0
20.0
2.0
22.0
1.0
22.0
2.0
2.0
2.0
22.0
2.0
22.0
22.0
10.0
10.0
8.0
1.0
1.0
10.0
10.0
10.0
10.0
10.0
10.0
10.0
10.0
22.0
10.0
10.0
10.0
10.0
10.0
10.0
10.0
10.0
10.0
10.0
1.0
16.0
16.0
1.0
1.0
1.0
16.0
16.0
10.0
1.0
16.0
3.0
10.0
1.0
16.0
16.0
16.0
3.0
2.0
1.0
3.0
2.0
10.0
2.0
2.0
16.0
1.0
2.0
1.0
16.0
3.0
8.0
1.0
10.0
10.0
10.0
10.0
10.0
10.0
1.0
10.0
10.0
10.0
10.0
1.0
10.0
16.0
16.0
16.0
16.0
1.0
16.0
3.0
16.0
16.0
1.0
2.0
2.0
22.0
1.0
16.0
10.0
10.0
10.0
10.0
10.0
10.0
10.0
10.0
10.0
10.0
10.0
10.0
10.0
10.0
10.0
10.0
10.0
10.0
10.0
10.0
10.0
10.0
10.0
10.0
10.0
10.0
1.0
10.0
10.0
10.0
10.0
10.0
10.0
3.0
10.0
10.0
10.0
10.0
10.0
10.0
16.0
10.0
1.0
3.0
2.0
10.0
10.0
3.0
3.0
10.0
10.0
3.0
1.0
3.0
3.0
10.0
3.0
10.0
10.0
22.0
2.0
1.0
22.0
10.0
10.0
2.0
10.0
10.0
10.0
1.0
20.0
22.0
3.0
10.0
3.0
10.0
1.0
3.0
2.0
16.0
1.0
1.0
10.0
10.0
10.0
10.0
10.0
2.0
10.0
1.0
10.0
1.0
10.0
1.0
10.0
26.0
10.0
16.0
