19.0
1.0
36.0
16.0
37.0
36.0
1.0
36.0
37.0
1.0
36.0
22.0
16.0
26.0
22.0
16.0
16.0
22.0
32.0
32.0
16.0
4.0
22.0
22.0
22.0
37.0
37.0
22.0
38.0
38.0
22.0
16.0
22.0
16.0
16.0
16.0
22.0
32.0
16.0
32.0
32.0
16.0
16.0
16.0
16.0
16.0
4.0
16.0
4.0
4.0
16.0
19.0
26.0
4.0
4.0
22.0
19.0
4.0
22.0
16.0
4.0
16.0
4.0
16.0
16.0
16.0
16.0
38.0
4.0
37.0
36.0
36.0
36.0
36.0
16.0
16.0
16.0
16.0
16.0
38.0
16.0
37.0
36.0
16.0
38.0
32.0
38.0
36.0
22.0
22.0
16.0
38.0
37.0
16.0
16.0
37.0
19.0
22.0
16.0
16.0
10.0
22.0
16.0
38.0
16.0
10.0
19.0
22.0
30.0
22.0
4.0
4.0
19.0
22.0
19.0
22.0
22.0
38.0
37.0
16.0
37.0
36.0
38.0
38.0
38.0
38.0
38.0
38.0
38.0
38.0
22.0
38.0
38.0
38.0
38.0
38.0
38.0
38.0
38.0
38.0
38.0
36.0
1.0
16.0
36.0
30.0
36.0
1.0
16.0
37.0
37.0
1.0
32.0
37.0
30.0
16.0
16.0
1.0
4.0
4.0
36.0
4.0
19.0
38.0
19.0
19.0
16.0
30.0
4.0
37.0
16.0
4.0
8.0
36.0
38.0
37.0
38.0
38.0
38.0
38.0
36.0
38.0
38.0
38.0
37.0
37.0
38.0
16.0
16.0
16.0
16.0
36.0
16.0
32.0
16.0
16.0
36.0
19.0
19.0
22.0
36.0
16.0
38.0
38.0
38.0
38.0
38.0
38.0
38.0
38.0
38.0
38.0
38.0
38.0
38.0
38.0
38.0
38.0
37.0
37.0
38.0
38.0
38.0
38.0
37.0
37.0
37.0
37.0
37.0
38.0
37.0
37.0
38.0
38.0
37.0
4.0
38.0
38.0
38.0
38.0
38.0
38.0
16.0
37.0
30.0
32.0
19.0
37.0
38.0
4.0
4.0
38.0
38.0
4.0
30.0
4.0
4.0
38.0
4.0
37.0
38.0
22.0
19.0
36.0
22.0
37.0
37.0
19.0
37.0
38.0
37.0
37.0
8.0
22.0
4.0
38.0
4.0
38.0
37.0
4.0
4.0
16.0
36.0
36.0
38.0
38.0
38.0
38.0
38.0
4.0
38.0
37.0
38.0
1.0
38.0
36.0
38.0
26.0
37.0
16.0
