33.0
36.0
36.0
16.0
10.0
36.0
43.0
36.0
37.0
43.0
36.0
22.0
16.0
26.0
10.0
16.0
16.0
10.0
16.0
16.0
16.0
16.0
10.0
10.0
10.0
10.0
10.0
10.0
10.0
10.0
10.0
16.0
10.0
16.0
16.0
16.0
22.0
16.0
16.0
16.0
16.0
16.0
16.0
16.0
16.0
16.0
33.0
16.0
33.0
33.0
16.0
8.0
26.0
33.0
33.0
10.0
8.0
33.0
10.0
16.0
33.0
36.0
33.0
16.0
16.0
16.0
16.0
10.0
33.0
10.0
36.0
36.0
36.0
36.0
16.0
16.0
16.0
8.0
16.0
10.0
16.0
10.0
36.0
16.0
10.0
16.0
10.0
36.0
10.0
10.0
16.0
10.0
10.0
16.0
16.0
10.0
33.0
10.0
16.0
16.0
10.0
10.0
16.0
10.0
16.0
10.0
33.0
10.0
37.0
10.0
33.0
33.0
33.0
10.0
33.0
10.0
10.0
10.0
10.0
43.0
10.0
17.0
10.0
10.0
10.0
10.0
10.0
10.0
10.0
10.0
10.0
10.0
10.0
10.0
10.0
10.0
10.0
10.0
10.0
10.0
10.0
36.0
36.0
16.0
17.0
37.0
36.0
36.0
16.0
10.0
10.0
36.0
16.0
10.0
37.0
16.0
16.0
36.0
33.0
33.0
36.0
33.0
33.0
10.0
33.0
33.0
16.0
17.0
8.0
10.0
16.0
33.0
43.0
36.0
10.0
10.0
10.0
10.0
10.0
10.0
36.0
10.0
10.0
10.0
10.0
10.0
10.0
16.0
16.0
16.0
16.0
36.0
16.0
16.0
20.0
16.0
36.0
33.0
33.0
22.0
36.0
16.0
10.0
10.0
10.0
10.0
10.0
10.0
10.0
10.0
10.0
10.0
10.0
10.0
10.0
10.0
10.0
10.0
10.0
10.0
10.0
10.0
10.0
10.0
10.0
10.0
10.0
10.0
10.0
10.0
10.0
10.0
10.0
10.0
10.0
33.0
10.0
10.0
10.0
10.0
10.0
10.0
16.0
10.0
17.0
16.0
33.0
10.0
10.0
33.0
33.0
10.0
10.0
33.0
17.0
33.0
16.0
10.0
33.0
10.0
10.0
10.0
33.0
36.0
10.0
10.0
10.0
33.0
10.0
10.0
10.0
10.0
16.0
10.0
33.0
10.0
16.0
10.0
10.0
16.0
33.0
36.0
36.0
36.0
10.0
10.0
10.0
10.0
10.0
8.0
10.0
37.0
10.0
36.0
10.0
36.0
10.0
26.0
10.0
16.0
