33.0
16.0
23.0
20.0
10.0
16.0
19.0
23.0
37.0
43.0
23.0
29.0
16.0
20.0
29.0
20.0
20.0
29.0
4.0
4.0
16.0
4.0
29.0
29.0
29.0
10.0
10.0
29.0
10.0
10.0
29.0
4.0
29.0
16.0
16.0
16.0
19.0
4.0
16.0
4.0
4.0
16.0
16.0
20.0
20.0
20.0
33.0
4.0
33.0
33.0
4.0
33.0
20.0
33.0
33.0
29.0
33.0
33.0
29.0
16.0
33.0
16.0
33.0
20.0
20.0
20.0
4.0
10.0
33.0
10.0
23.0
23.0
1.0
23.0
20.0
20.0
20.0
19.0
20.0
10.0
16.0
10.0
23.0
20.0
10.0
4.0
10.0
23.0
29.0
29.0
16.0
10.0
10.0
20.0
4.0
10.0
33.0
29.0
20.0
20.0
29.0
29.0
16.0
10.0
20.0
29.0
33.0
29.0
19.0
29.0
33.0
33.0
33.0
29.0
33.0
29.0
29.0
10.0
10.0
19.0
19.0
1.0
10.0
10.0
10.0
10.0
10.0
10.0
10.0
10.0
29.0
10.0
10.0
10.0
10.0
10.0
10.0
10.0
10.0
10.0
10.0
23.0
16.0
16.0
1.0
19.0
23.0
16.0
16.0
10.0
19.0
16.0
4.0
10.0
19.0
4.0
16.0
16.0
33.0
33.0
23.0
33.0
33.0
10.0
33.0
33.0
16.0
19.0
4.0
19.0
16.0
33.0
19.0
1.0
10.0
10.0
10.0
10.0
10.0
10.0
1.0
10.0
10.0
10.0
10.0
19.0
10.0
16.0
16.0
20.0
20.0
23.0
20.0
4.0
20.0
20.0
1.0
33.0
33.0
19.0
23.0
16.0
10.0
10.0
10.0
10.0
10.0
10.0
10.0
10.0
10.0
10.0
10.0
10.0
10.0
10.0
10.0
10.0
10.0
10.0
10.0
10.0
10.0
10.0
10.0
10.0
10.0
10.0
19.0
10.0
10.0
10.0
10.0
10.0
10.0
33.0
10.0
10.0
10.0
10.0
10.0
10.0
4.0
10.0
1.0
4.0
33.0
10.0
10.0
33.0
33.0
10.0
10.0
33.0
1.0
33.0
4.0
10.0
33.0
10.0
10.0
29.0
33.0
23.0
29.0
10.0
10.0
33.0
10.0
10.0
10.0
19.0
16.0
29.0
33.0
10.0
4.0
10.0
19.0
4.0
4.0
16.0
23.0
23.0
10.0
10.0
10.0
10.0
10.0
4.0
10.0
19.0
10.0
43.0
10.0
23.0
10.0
20.0
10.0
4.0
