2.0
43.0
36.0
20.0
10.0
36.0
19.0
36.0
19.0
19.0
36.0
8.0
16.0
8.0
29.0
16.0
16.0
29.0
33.0
33.0
16.0
33.0
29.0
29.0
29.0
10.0
10.0
29.0
10.0
10.0
29.0
16.0
29.0
16.0
16.0
16.0
8.0
33.0
16.0
16.0
33.0
16.0
16.0
16.0
16.0
16.0
2.0
16.0
33.0
2.0
16.0
2.0
8.0
33.0
33.0
29.0
2.0
33.0
29.0
16.0
33.0
43.0
33.0
16.0
16.0
16.0
16.0
10.0
33.0
10.0
36.0
36.0
36.0
36.0
16.0
16.0
16.0
12.0
16.0
10.0
16.0
10.0
36.0
16.0
10.0
33.0
10.0
36.0
29.0
29.0
43.0
10.0
10.0
16.0
16.0
10.0
2.0
29.0
16.0
16.0
29.0
29.0
16.0
10.0
16.0
8.0
2.0
29.0
19.0
8.0
33.0
2.0
2.0
29.0
2.0
29.0
29.0
10.0
10.0
12.0
10.0
36.0
10.0
10.0
10.0
10.0
10.0
10.0
10.0
10.0
29.0
10.0
10.0
10.0
10.0
10.0
10.0
10.0
10.0
10.0
10.0
36.0
3.0
16.0
36.0
19.0
36.0
3.0
43.0
10.0
10.0
3.0
33.0
10.0
19.0
16.0
16.0
43.0
33.0
2.0
36.0
33.0
2.0
10.0
2.0
2.0
16.0
19.0
2.0
10.0
16.0
33.0
8.0
36.0
10.0
10.0
10.0
10.0
10.0
10.0
36.0
10.0
10.0
10.0
10.0
10.0
10.0
16.0
16.0
16.0
16.0
36.0
16.0
33.0
20.0
16.0
36.0
2.0
2.0
8.0
36.0
16.0
10.0
10.0
10.0
10.0
10.0
10.0
10.0
10.0
10.0
10.0
10.0
10.0
10.0
10.0
10.0
10.0
10.0
10.0
10.0
10.0
10.0
10.0
10.0
10.0
10.0
10.0
10.0
10.0
10.0
10.0
10.0
10.0
10.0
33.0
10.0
10.0
10.0
10.0
10.0
10.0
16.0
10.0
19.0
33.0
2.0
10.0
10.0
33.0
33.0
10.0
10.0
33.0
19.0
33.0
33.0
10.0
33.0
10.0
10.0
29.0
2.0
36.0
8.0
10.0
10.0
2.0
10.0
10.0
10.0
10.0
8.0
8.0
33.0
10.0
33.0
10.0
10.0
33.0
33.0
43.0
36.0
36.0
10.0
10.0
10.0
10.0
10.0
2.0
10.0
19.0
10.0
43.0
10.0
36.0
10.0
20.0
10.0
16.0
