33.0
43.0
23.0
20.0
45.0
43.0
23.0
23.0
23.0
43.0
23.0
22.0
16.0
26.0
22.0
20.0
20.0
22.0
33.0
33.0
16.0
33.0
22.0
22.0
10.0
10.0
10.0
22.0
45.0
45.0
22.0
16.0
22.0
16.0
16.0
16.0
22.0
33.0
16.0
3.0
33.0
16.0
16.0
20.0
20.0
20.0
33.0
16.0
33.0
33.0
20.0
33.0
26.0
33.0
33.0
22.0
19.0
33.0
22.0
16.0
33.0
43.0
33.0
20.0
20.0
20.0
16.0
45.0
33.0
45.0
36.0
23.0
23.0
36.0
16.0
20.0
20.0
19.0
20.0
45.0
16.0
10.0
36.0
20.0
45.0
33.0
45.0
36.0
22.0
10.0
43.0
45.0
10.0
20.0
16.0
10.0
33.0
22.0
20.0
20.0
26.0
22.0
16.0
45.0
20.0
26.0
33.0
22.0
23.0
22.0
33.0
33.0
33.0
22.0
33.0
22.0
22.0
45.0
10.0
43.0
10.0
23.0
45.0
45.0
45.0
45.0
45.0
45.0
45.0
45.0
22.0
45.0
45.0
45.0
45.0
45.0
45.0
45.0
45.0
45.0
45.0
23.0
43.0
43.0
23.0
23.0
36.0
43.0
43.0
10.0
23.0
43.0
33.0
10.0
23.0
16.0
16.0
43.0
33.0
33.0
36.0
33.0
33.0
45.0
33.0
33.0
16.0
23.0
33.0
10.0
16.0
33.0
26.0
23.0
45.0
10.0
45.0
45.0
45.0
45.0
23.0
45.0
45.0
45.0
45.0
10.0
45.0
16.0
16.0
16.0
16.0
23.0
16.0
33.0
26.0
16.0
23.0
33.0
33.0
22.0
36.0
16.0
45.0
45.0
45.0
45.0
45.0
45.0
45.0
45.0
45.0
45.0
45.0
45.0
45.0
45.0
45.0
45.0
45.0
45.0
45.0
45.0
45.0
45.0
10.0
45.0
45.0
45.0
10.0
45.0
45.0
45.0
45.0
45.0
45.0
33.0
45.0
45.0
45.0
45.0
45.0
45.0
16.0
45.0
23.0
33.0
33.0
10.0
45.0
33.0
33.0
45.0
45.0
33.0
23.0
33.0
33.0
45.0
33.0
45.0
45.0
22.0
33.0
23.0
22.0
45.0
10.0
33.0
10.0
45.0
45.0
10.0
26.0
22.0
33.0
45.0
33.0
45.0
23.0
33.0
33.0
43.0
36.0
36.0
45.0
45.0
45.0
45.0
45.0
33.0
45.0
23.0
45.0
43.0
45.0
36.0
45.0
26.0
10.0
33.0
