4.0
36.0
36.0
4.0
37.0
20.0
37.0
36.0
37.0
37.0
20.0
8.0
16.0
22.0
8.0
20.0
20.0
8.0
4.0
4.0
16.0
4.0
29.0
29.0
29.0
37.0
37.0
29.0
11.0
11.0
29.0
4.0
8.0
20.0
20.0
20.0
8.0
4.0
20.0
4.0
4.0
16.0
20.0
20.0
20.0
20.0
4.0
4.0
4.0
4.0
4.0
4.0
4.0
4.0
4.0
8.0
4.0
4.0
8.0
20.0
4.0
20.0
4.0
20.0
20.0
20.0
4.0
38.0
4.0
37.0
36.0
36.0
36.0
36.0
20.0
20.0
20.0
8.0
20.0
38.0
20.0
37.0
36.0
20.0
11.0
4.0
38.0
36.0
8.0
29.0
20.0
38.0
37.0
20.0
4.0
37.0
4.0
8.0
20.0
20.0
8.0
8.0
20.0
11.0
20.0
8.0
4.0
8.0
37.0
8.0
4.0
4.0
4.0
8.0
4.0
8.0
8.0
38.0
37.0
8.0
37.0
37.0
11.0
11.0
11.0
38.0
11.0
38.0
38.0
11.0
8.0
38.0
11.0
11.0
11.0
38.0
11.0
38.0
38.0
38.0
38.0
36.0
6.0
20.0
1.0
37.0
36.0
36.0
20.0
37.0
37.0
6.0
4.0
37.0
37.0
4.0
20.0
20.0
4.0
4.0
36.0
4.0
4.0
38.0
4.0
4.0
20.0
37.0
4.0
37.0
16.0
4.0
8.0
1.0
38.0
37.0
38.0
38.0
38.0
38.0
36.0
38.0
38.0
38.0
37.0
37.0
38.0
20.0
20.0
20.0
20.0
36.0
20.0
4.0
20.0
20.0
1.0
4.0
4.0
8.0
36.0
20.0
38.0
38.0
38.0
38.0
38.0
38.0
38.0
38.0
38.0
38.0
38.0
11.0
38.0
38.0
38.0
38.0
37.0
37.0
38.0
38.0
38.0
38.0
37.0
37.0
37.0
37.0
37.0
38.0
37.0
37.0
38.0
38.0
37.0
4.0
11.0
38.0
38.0
38.0
38.0
11.0
4.0
37.0
37.0
4.0
4.0
37.0
38.0
4.0
4.0
38.0
38.0
4.0
37.0
4.0
4.0
11.0
4.0
37.0
38.0
8.0
4.0
36.0
8.0
37.0
37.0
4.0
37.0
11.0
37.0
37.0
20.0
8.0
4.0
11.0
4.0
38.0
37.0
4.0
4.0
20.0
36.0
36.0
38.0
11.0
38.0
11.0
38.0
4.0
11.0
37.0
11.0
36.0
11.0
36.0
38.0
4.0
37.0
4.0
