33.0
43.0
36.0
20.0
45.0
20.0
43.0
36.0
37.0
43.0
43.0
22.0
16.0
22.0
22.0
20.0
20.0
39.0
33.0
33.0
16.0
33.0
39.0
39.0
39.0
45.0
10.0
39.0
45.0
45.0
39.0
16.0
39.0
16.0
16.0
16.0
22.0
33.0
16.0
16.0
4.0
16.0
16.0
20.0
20.0
20.0
33.0
16.0
33.0
33.0
16.0
33.0
26.0
33.0
33.0
22.0
3.0
33.0
39.0
16.0
33.0
43.0
33.0
20.0
20.0
20.0
16.0
45.0
33.0
45.0
1.0
37.0
36.0
43.0
16.0
20.0
20.0
3.0
20.0
45.0
20.0
45.0
43.0
20.0
45.0
4.0
45.0
36.0
39.0
39.0
16.0
45.0
45.0
20.0
16.0
45.0
33.0
39.0
20.0
20.0
10.0
39.0
16.0
45.0
20.0
10.0
33.0
39.0
37.0
22.0
33.0
33.0
33.0
39.0
33.0
39.0
39.0
45.0
10.0
3.0
37.0
37.0
45.0
45.0
45.0
45.0
45.0
45.0
45.0
45.0
39.0
45.0
45.0
45.0
45.0
45.0
45.0
45.0
45.0
45.0
45.0
36.0
43.0
16.0
37.0
37.0
43.0
43.0
43.0
10.0
37.0
43.0
4.0
45.0
37.0
16.0
16.0
43.0
33.0
33.0
43.0
33.0
33.0
45.0
33.0
33.0
16.0
37.0
33.0
37.0
16.0
33.0
43.0
37.0
45.0
10.0
45.0
45.0
45.0
45.0
36.0
45.0
45.0
45.0
45.0
37.0
45.0
16.0
16.0
16.0
16.0
36.0
20.0
33.0
20.0
20.0
37.0
33.0
33.0
22.0
1.0
16.0
45.0
45.0
45.0
45.0
45.0
45.0
45.0
45.0
45.0
45.0
45.0
45.0
45.0
45.0
45.0
45.0
45.0
45.0
45.0
45.0
45.0
45.0
10.0
45.0
45.0
45.0
37.0
45.0
45.0
45.0
45.0
45.0
45.0
33.0
45.0
45.0
45.0
45.0
45.0
45.0
16.0
45.0
37.0
33.0
33.0
10.0
45.0
33.0
33.0
45.0
45.0
33.0
37.0
33.0
33.0
45.0
33.0
45.0
45.0
22.0
33.0
43.0
22.0
45.0
10.0
33.0
10.0
45.0
45.0
37.0
20.0
22.0
33.0
45.0
33.0
45.0
37.0
33.0
33.0
43.0
1.0
1.0
45.0
45.0
45.0
45.0
45.0
33.0
45.0
37.0
45.0
43.0
45.0
1.0
45.0
26.0
10.0
16.0
