2.0
14.0
31.0
16.0
37.0
14.0
43.0
31.0
37.0
14.0
43.0
2.0
16.0
2.0
2.0
16.0
16.0
2.0
33.0
33.0
16.0
16.0
39.0
39.0
39.0
37.0
37.0
39.0
37.0
37.0
39.0
16.0
2.0
16.0
16.0
16.0
2.0
33.0
16.0
16.0
16.0
16.0
16.0
16.0
16.0
16.0
2.0
16.0
2.0
2.0
16.0
2.0
22.0
2.0
2.0
2.0
2.0
2.0
2.0
16.0
2.0
14.0
2.0
16.0
16.0
16.0
16.0
37.0
2.0
37.0
31.0
31.0
31.0
31.0
16.0
16.0
16.0
19.0
16.0
37.0
16.0
37.0
43.0
16.0
37.0
33.0
37.0
31.0
2.0
39.0
14.0
37.0
37.0
16.0
16.0
37.0
2.0
2.0
16.0
16.0
39.0
2.0
16.0
37.0
16.0
39.0
2.0
2.0
37.0
2.0
2.0
2.0
2.0
2.0
2.0
2.0
2.0
37.0
37.0
19.0
37.0
31.0
37.0
37.0
37.0
37.0
37.0
37.0
37.0
37.0
2.0
37.0
37.0
37.0
37.0
37.0
37.0
37.0
37.0
37.0
37.0
31.0
14.0
14.0
36.0
37.0
43.0
14.0
14.0
37.0
37.0
14.0
16.0
37.0
37.0
16.0
16.0
14.0
2.0
2.0
43.0
2.0
2.0
37.0
2.0
2.0
16.0
37.0
2.0
37.0
16.0
2.0
19.0
31.0
37.0
37.0
37.0
37.0
37.0
37.0
31.0
37.0
37.0
37.0
37.0
37.0
37.0
16.0
16.0
16.0
16.0
31.0
16.0
33.0
20.0
16.0
31.0
2.0
2.0
2.0
31.0
14.0
37.0
37.0
37.0
37.0
37.0
37.0
37.0
37.0
37.0
37.0
37.0
37.0
37.0
37.0
37.0
37.0
37.0
37.0
37.0
37.0
37.0
37.0
37.0
37.0
37.0
37.0
37.0
37.0
37.0
37.0
37.0
37.0
37.0
2.0
37.0
37.0
37.0
37.0
37.0
37.0
16.0
37.0
37.0
33.0
2.0
37.0
37.0
2.0
2.0
37.0
37.0
2.0
37.0
2.0
33.0
37.0
2.0
37.0
37.0
2.0
2.0
31.0
2.0
37.0
37.0
2.0
37.0
37.0
37.0
37.0
16.0
2.0
2.0
37.0
16.0
37.0
37.0
16.0
2.0
14.0
31.0
31.0
37.0
37.0
37.0
37.0
37.0
2.0
37.0
37.0
37.0
14.0
37.0
31.0
37.0
20.0
37.0
16.0
