33.0
6.0
23.0
20.0
45.0
23.0
43.0
23.0
37.0
37.0
34.0
8.0
16.0
20.0
8.0
20.0
20.0
8.0
16.0
33.0
16.0
16.0
8.0
8.0
8.0
10.0
37.0
8.0
45.0
45.0
8.0
16.0
8.0
16.0
16.0
16.0
8.0
33.0
16.0
16.0
16.0
16.0
16.0
16.0
16.0
20.0
33.0
16.0
33.0
33.0
16.0
33.0
20.0
33.0
33.0
8.0
33.0
33.0
8.0
16.0
33.0
6.0
33.0
20.0
20.0
20.0
16.0
45.0
33.0
45.0
23.0
23.0
23.0
23.0
16.0
16.0
20.0
26.0
16.0
45.0
16.0
10.0
23.0
16.0
45.0
16.0
45.0
23.0
8.0
8.0
16.0
45.0
10.0
20.0
16.0
45.0
33.0
8.0
20.0
20.0
8.0
8.0
16.0
45.0
20.0
8.0
33.0
8.0
37.0
8.0
33.0
33.0
33.0
8.0
33.0
8.0
8.0
45.0
37.0
26.0
37.0
1.0
45.0
45.0
45.0
45.0
45.0
45.0
45.0
45.0
8.0
45.0
45.0
45.0
45.0
45.0
45.0
45.0
45.0
45.0
45.0
23.0
6.0
16.0
23.0
1.0
23.0
6.0
6.0
10.0
37.0
6.0
16.0
45.0
37.0
16.0
16.0
6.0
33.0
33.0
23.0
33.0
33.0
45.0
33.0
33.0
16.0
1.0
33.0
37.0
16.0
33.0
8.0
23.0
45.0
37.0
45.0
45.0
45.0
45.0
23.0
45.0
45.0
45.0
45.0
37.0
45.0
16.0
16.0
16.0
16.0
23.0
20.0
33.0
20.0
20.0
23.0
33.0
33.0
8.0
23.0
16.0
45.0
45.0
45.0
45.0
45.0
45.0
45.0
45.0
45.0
45.0
45.0
45.0
45.0
45.0
45.0
45.0
45.0
45.0
45.0
45.0
45.0
45.0
37.0
45.0
45.0
45.0
37.0
45.0
45.0
45.0
45.0
45.0
45.0
33.0
45.0
45.0
45.0
45.0
45.0
45.0
16.0
45.0
1.0
16.0
33.0
37.0
45.0
33.0
33.0
45.0
45.0
33.0
1.0
33.0
33.0
45.0
33.0
45.0
45.0
8.0
33.0
23.0
8.0
45.0
37.0
33.0
37.0
45.0
45.0
37.0
20.0
8.0
33.0
45.0
16.0
45.0
37.0
16.0
20.0
16.0
23.0
23.0
45.0
45.0
45.0
45.0
45.0
33.0
45.0
37.0
45.0
6.0
45.0
23.0
45.0
20.0
37.0
16.0
