19.0
43.0
23.0
16.0
45.0
36.0
37.0
23.0
37.0
37.0
23.0
2.0
16.0
2.0
2.0
16.0
16.0
10.0
5.0
5.0
16.0
5.0
10.0
10.0
10.0
45.0
37.0
10.0
45.0
45.0
10.0
16.0
10.0
16.0
16.0
16.0
2.0
5.0
16.0
16.0
16.0
16.0
16.0
16.0
16.0
16.0
19.0
16.0
19.0
19.0
16.0
22.0
22.0
19.0
19.0
2.0
22.0
5.0
10.0
16.0
19.0
43.0
19.0
16.0
16.0
16.0
16.0
45.0
19.0
45.0
36.0
23.0
23.0
36.0
16.0
16.0
16.0
19.0
16.0
45.0
16.0
37.0
36.0
16.0
45.0
16.0
45.0
23.0
10.0
10.0
16.0
45.0
37.0
16.0
16.0
45.0
19.0
2.0
16.0
16.0
8.0
2.0
16.0
45.0
16.0
8.0
19.0
10.0
23.0
2.0
19.0
19.0
19.0
10.0
19.0
10.0
2.0
45.0
37.0
19.0
37.0
23.0
45.0
45.0
45.0
45.0
45.0
45.0
45.0
45.0
2.0
45.0
45.0
45.0
45.0
45.0
45.0
45.0
45.0
45.0
45.0
23.0
43.0
16.0
23.0
23.0
36.0
43.0
43.0
37.0
37.0
43.0
16.0
45.0
23.0
16.0
16.0
43.0
19.0
19.0
36.0
19.0
19.0
45.0
19.0
19.0
16.0
23.0
22.0
37.0
16.0
19.0
8.0
23.0
45.0
37.0
45.0
45.0
45.0
45.0
23.0
45.0
45.0
45.0
45.0
37.0
45.0
16.0
16.0
16.0
16.0
23.0
16.0
5.0
16.0
16.0
23.0
19.0
19.0
2.0
23.0
16.0
45.0
45.0
45.0
45.0
45.0
45.0
45.0
45.0
45.0
45.0
45.0
45.0
45.0
45.0
45.0
45.0
45.0
45.0
45.0
45.0
45.0
45.0
37.0
45.0
45.0
45.0
37.0
45.0
45.0
45.0
45.0
45.0
45.0
19.0
45.0
45.0
45.0
45.0
45.0
45.0
16.0
45.0
23.0
16.0
19.0
37.0
45.0
19.0
19.0
45.0
45.0
19.0
23.0
19.0
5.0
45.0
19.0
45.0
45.0
2.0
19.0
23.0
2.0
45.0
37.0
19.0
37.0
45.0
45.0
37.0
19.0
2.0
19.0
45.0
16.0
45.0
37.0
5.0
19.0
43.0
36.0
23.0
45.0
45.0
45.0
45.0
45.0
19.0
45.0
37.0
45.0
43.0
45.0
36.0
45.0
20.0
37.0
16.0
