4.0
36.0
36.0
20.0
38.0
20.0
19.0
36.0
19.0
20.0
20.0
2.0
20.0
20.0
2.0
20.0
20.0
2.0
4.0
4.0
20.0
4.0
10.0
8.0
10.0
10.0
10.0
10.0
38.0
38.0
10.0
20.0
2.0
20.0
20.0
20.0
22.0
4.0
15.0
15.0
4.0
15.0
15.0
20.0
20.0
20.0
4.0
20.0
4.0
4.0
20.0
4.0
20.0
4.0
4.0
2.0
2.0
4.0
2.0
15.0
4.0
20.0
4.0
20.0
20.0
20.0
20.0
38.0
4.0
38.0
36.0
36.0
36.0
36.0
20.0
20.0
20.0
4.0
20.0
38.0
20.0
10.0
36.0
20.0
38.0
4.0
38.0
36.0
2.0
10.0
20.0
38.0
38.0
20.0
20.0
38.0
4.0
2.0
20.0
20.0
19.0
2.0
20.0
38.0
20.0
19.0
4.0
2.0
19.0
2.0
4.0
4.0
4.0
2.0
4.0
2.0
2.0
38.0
10.0
43.0
19.0
19.0
38.0
38.0
38.0
38.0
38.0
38.0
38.0
38.0
2.0
38.0
38.0
38.0
38.0
38.0
38.0
38.0
38.0
38.0
38.0
36.0
36.0
20.0
36.0
19.0
36.0
36.0
20.0
10.0
19.0
36.0
4.0
38.0
19.0
15.0
15.0
36.0
4.0
4.0
36.0
4.0
4.0
38.0
4.0
4.0
20.0
19.0
4.0
19.0
15.0
4.0
19.0
36.0
38.0
10.0
38.0
38.0
38.0
38.0
36.0
38.0
38.0
38.0
38.0
19.0
38.0
20.0
20.0
20.0
20.0
36.0
20.0
4.0
20.0
20.0
36.0
4.0
4.0
22.0
36.0
15.0
38.0
38.0
38.0
38.0
38.0
38.0
38.0
38.0
38.0
38.0
38.0
38.0
38.0
38.0
38.0
38.0
38.0
38.0
38.0
38.0
38.0
38.0
38.0
38.0
38.0
38.0
19.0
38.0
38.0
38.0
38.0
38.0
38.0
4.0
38.0
38.0
38.0
38.0
38.0
38.0
15.0
38.0
19.0
4.0
4.0
10.0
38.0
4.0
4.0
38.0
38.0
4.0
19.0
4.0
4.0
38.0
4.0
38.0
38.0
2.0
4.0
36.0
2.0
38.0
10.0
4.0
10.0
38.0
38.0
19.0
20.0
2.0
4.0
38.0
4.0
38.0
19.0
4.0
4.0
20.0
36.0
36.0
38.0
38.0
38.0
38.0
38.0
4.0
38.0
19.0
38.0
36.0
38.0
36.0
38.0
20.0
10.0
15.0
