2.0
43.0
36.0
20.0
38.0
43.0
37.0
36.0
37.0
37.0
36.0
8.0
5.0
20.0
8.0
20.0
20.0
8.0
4.0
4.0
5.0
4.0
8.0
8.0
8.0
37.0
37.0
8.0
38.0
38.0
8.0
4.0
8.0
5.0
5.0
5.0
8.0
4.0
5.0
5.0
4.0
5.0
5.0
20.0
20.0
20.0
2.0
4.0
2.0
2.0
4.0
2.0
2.0
2.0
2.0
8.0
2.0
4.0
8.0
5.0
2.0
43.0
2.0
20.0
20.0
20.0
20.0
38.0
2.0
37.0
36.0
36.0
36.0
36.0
20.0
20.0
20.0
4.0
20.0
38.0
43.0
37.0
43.0
20.0
38.0
4.0
38.0
36.0
8.0
8.0
43.0
38.0
37.0
20.0
20.0
37.0
2.0
8.0
20.0
20.0
26.0
8.0
5.0
38.0
20.0
26.0
2.0
8.0
37.0
8.0
2.0
2.0
2.0
8.0
2.0
8.0
8.0
38.0
37.0
26.0
37.0
37.0
38.0
38.0
38.0
38.0
38.0
38.0
38.0
38.0
8.0
38.0
38.0
38.0
38.0
38.0
38.0
38.0
38.0
38.0
38.0
36.0
43.0
5.0
37.0
37.0
36.0
43.0
43.0
37.0
37.0
43.0
4.0
37.0
37.0
4.0
5.0
43.0
2.0
2.0
36.0
2.0
2.0
38.0
2.0
2.0
5.0
37.0
2.0
37.0
5.0
2.0
26.0
36.0
38.0
37.0
38.0
38.0
38.0
38.0
36.0
38.0
38.0
38.0
37.0
37.0
38.0
5.0
5.0
20.0
5.0
36.0
20.0
4.0
20.0
20.0
36.0
2.0
2.0
8.0
36.0
5.0
38.0
38.0
38.0
38.0
38.0
38.0
38.0
38.0
38.0
38.0
38.0
38.0
38.0
38.0
38.0
38.0
37.0
38.0
38.0
38.0
38.0
38.0
37.0
37.0
38.0
37.0
37.0
38.0
37.0
38.0
38.0
38.0
37.0
2.0
38.0
38.0
38.0
38.0
38.0
38.0
4.0
37.0
37.0
4.0
2.0
37.0
38.0
2.0
2.0
38.0
38.0
2.0
37.0
2.0
4.0
38.0
2.0
37.0
38.0
8.0
2.0
36.0
8.0
37.0
37.0
2.0
37.0
38.0
37.0
37.0
20.0
8.0
2.0
38.0
4.0
38.0
37.0
4.0
2.0
43.0
36.0
36.0
38.0
38.0
38.0
38.0
38.0
2.0
38.0
37.0
38.0
43.0
38.0
36.0
38.0
20.0
37.0
4.0
