33.0
43.0
1.0
20.0
10.0
20.0
1.0
1.0
1.0
20.0
1.0
8.0
20.0
20.0
8.0
20.0
20.0
8.0
33.0
33.0
20.0
33.0
10.0
8.0
10.0
10.0
10.0
10.0
10.0
10.0
10.0
20.0
8.0
20.0
20.0
20.0
22.0
33.0
3.0
3.0
33.0
3.0
3.0
20.0
20.0
20.0
33.0
20.0
33.0
33.0
20.0
15.0
15.0
33.0
33.0
8.0
15.0
33.0
8.0
3.0
33.0
43.0
33.0
20.0
20.0
20.0
20.0
10.0
33.0
10.0
1.0
1.0
1.0
1.0
20.0
20.0
20.0
34.0
20.0
10.0
20.0
10.0
1.0
20.0
10.0
33.0
10.0
1.0
8.0
10.0
43.0
10.0
10.0
20.0
20.0
10.0
33.0
8.0
20.0
20.0
8.0
8.0
20.0
10.0
20.0
8.0
33.0
10.0
1.0
8.0
33.0
33.0
33.0
8.0
33.0
8.0
8.0
10.0
10.0
34.0
10.0
1.0
10.0
10.0
10.0
10.0
10.0
10.0
10.0
10.0
8.0
10.0
10.0
10.0
10.0
10.0
10.0
10.0
10.0
10.0
10.0
1.0
43.0
3.0
1.0
1.0
1.0
43.0
43.0
10.0
1.0
43.0
33.0
10.0
1.0
3.0
3.0
43.0
33.0
33.0
1.0
33.0
33.0
10.0
33.0
33.0
3.0
1.0
15.0
10.0
3.0
33.0
10.0
1.0
10.0
10.0
10.0
10.0
10.0
10.0
1.0
10.0
10.0
10.0
10.0
10.0
10.0
20.0
20.0
20.0
20.0
1.0
20.0
33.0
20.0
20.0
1.0
33.0
33.0
22.0
1.0
3.0
10.0
10.0
10.0
10.0
10.0
10.0
10.0
10.0
10.0
10.0
10.0
10.0
10.0
10.0
10.0
10.0
10.0
10.0
10.0
10.0
10.0
10.0
10.0
10.0
10.0
10.0
10.0
10.0
10.0
10.0
10.0
10.0
10.0
33.0
10.0
10.0
10.0
10.0
10.0
10.0
3.0
10.0
1.0
33.0
33.0
10.0
10.0
33.0
33.0
10.0
10.0
33.0
1.0
33.0
33.0
10.0
33.0
10.0
10.0
8.0
33.0
1.0
8.0
10.0
10.0
33.0
10.0
10.0
10.0
10.0
20.0
8.0
33.0
10.0
4.0
10.0
10.0
4.0
4.0
43.0
1.0
1.0
10.0
10.0
10.0
10.0
10.0
15.0
10.0
1.0
10.0
43.0
10.0
1.0
10.0
20.0
10.0
20.0
