8.0
43.0
8.0
20.0
10.0
43.0
43.0
8.0
19.0
19.0
8.0
22.0
16.0
20.0
2.0
20.0
20.0
29.0
33.0
33.0
16.0
33.0
29.0
29.0
29.0
10.0
10.0
29.0
10.0
10.0
29.0
16.0
2.0
16.0
16.0
16.0
22.0
33.0
16.0
16.0
33.0
16.0
16.0
20.0
20.0
20.0
33.0
16.0
33.0
33.0
16.0
3.0
20.0
33.0
33.0
2.0
8.0
33.0
2.0
16.0
33.0
43.0
33.0
20.0
20.0
20.0
20.0
10.0
33.0
10.0
8.0
8.0
8.0
8.0
16.0
20.0
20.0
8.0
20.0
10.0
43.0
10.0
43.0
20.0
10.0
33.0
10.0
8.0
29.0
29.0
43.0
10.0
10.0
20.0
16.0
10.0
8.0
2.0
20.0
20.0
29.0
2.0
43.0
10.0
20.0
29.0
8.0
29.0
19.0
22.0
33.0
33.0
8.0
2.0
8.0
2.0
2.0
10.0
10.0
8.0
10.0
19.0
10.0
10.0
10.0
10.0
10.0
10.0
10.0
10.0
2.0
10.0
10.0
10.0
10.0
10.0
10.0
10.0
10.0
10.0
10.0
8.0
43.0
43.0
19.0
19.0
43.0
43.0
43.0
10.0
10.0
43.0
33.0
10.0
19.0
16.0
16.0
43.0
33.0
33.0
43.0
33.0
33.0
10.0
33.0
33.0
16.0
19.0
3.0
10.0
16.0
33.0
8.0
8.0
10.0
10.0
10.0
10.0
10.0
10.0
8.0
10.0
10.0
10.0
10.0
10.0
10.0
16.0
16.0
16.0
16.0
8.0
16.0
33.0
20.0
20.0
8.0
8.0
8.0
22.0
43.0
16.0
10.0
10.0
10.0
10.0
10.0
10.0
10.0
10.0
10.0
10.0
10.0
10.0
10.0
10.0
10.0
10.0
10.0
10.0
10.0
10.0
10.0
10.0
10.0
10.0
10.0
10.0
10.0
10.0
10.0
10.0
10.0
10.0
10.0
33.0
10.0
10.0
10.0
10.0
10.0
10.0
16.0
10.0
19.0
33.0
8.0
10.0
10.0
33.0
33.0
10.0
10.0
33.0
19.0
33.0
33.0
10.0
33.0
10.0
10.0
2.0
8.0
8.0
22.0
10.0
10.0
8.0
10.0
10.0
10.0
10.0
8.0
2.0
33.0
10.0
33.0
10.0
10.0
33.0
33.0
43.0
43.0
43.0
10.0
10.0
10.0
10.0
10.0
33.0
10.0
10.0
10.0
43.0
10.0
43.0
10.0
20.0
10.0
16.0
