19.0
36.0
36.0
20.0
10.0
36.0
37.0
36.0
37.0
37.0
36.0
26.0
16.0
26.0
2.0
20.0
20.0
39.0
20.0
4.0
16.0
20.0
39.0
39.0
39.0
10.0
10.0
39.0
10.0
10.0
39.0
20.0
2.0
20.0
20.0
20.0
2.0
4.0
16.0
16.0
4.0
16.0
16.0
20.0
20.0
20.0
19.0
20.0
19.0
19.0
20.0
19.0
26.0
19.0
19.0
2.0
19.0
3.0
39.0
16.0
19.0
36.0
19.0
20.0
20.0
20.0
20.0
10.0
19.0
10.0
36.0
36.0
36.0
36.0
20.0
20.0
20.0
3.0
20.0
10.0
36.0
10.0
36.0
20.0
10.0
4.0
10.0
36.0
39.0
39.0
36.0
10.0
10.0
20.0
20.0
10.0
19.0
2.0
20.0
20.0
39.0
2.0
36.0
10.0
20.0
39.0
19.0
39.0
37.0
39.0
19.0
19.0
19.0
2.0
19.0
2.0
2.0
10.0
10.0
3.0
10.0
36.0
10.0
10.0
10.0
10.0
10.0
10.0
10.0
10.0
2.0
10.0
10.0
10.0
10.0
10.0
10.0
10.0
10.0
10.0
10.0
36.0
36.0
36.0
36.0
37.0
36.0
36.0
36.0
10.0
37.0
36.0
4.0
10.0
37.0
16.0
16.0
36.0
19.0
19.0
36.0
19.0
19.0
10.0
19.0
19.0
16.0
37.0
19.0
10.0
16.0
19.0
10.0
36.0
10.0
10.0
10.0
10.0
10.0
10.0
36.0
10.0
10.0
10.0
10.0
10.0
10.0
20.0
20.0
20.0
20.0
36.0
20.0
4.0
20.0
20.0
36.0
19.0
19.0
2.0
36.0
36.0
10.0
10.0
10.0
10.0
10.0
10.0
10.0
10.0
10.0
10.0
10.0
10.0
10.0
10.0
10.0
10.0
10.0
10.0
10.0
10.0
10.0
10.0
10.0
10.0
10.0
10.0
10.0
10.0
10.0
10.0
10.0
10.0
10.0
19.0
10.0
10.0
10.0
10.0
10.0
10.0
20.0
10.0
37.0
20.0
19.0
10.0
10.0
19.0
19.0
10.0
10.0
19.0
37.0
19.0
4.0
10.0
19.0
10.0
10.0
2.0
19.0
36.0
39.0
10.0
10.0
19.0
10.0
10.0
10.0
10.0
20.0
2.0
19.0
10.0
20.0
10.0
10.0
20.0
3.0
36.0
36.0
36.0
10.0
10.0
10.0
10.0
10.0
19.0
10.0
37.0
10.0
36.0
10.0
36.0
10.0
20.0
10.0
20.0
