2.0
6.0
36.0
20.0
38.0
6.0
43.0
36.0
37.0
37.0
43.0
2.0
16.0
26.0
2.0
20.0
20.0
2.0
33.0
33.0
6.0
33.0
29.0
29.0
29.0
37.0
37.0
29.0
38.0
38.0
29.0
16.0
2.0
16.0
16.0
16.0
2.0
33.0
6.0
16.0
33.0
6.0
6.0
16.0
16.0
16.0
33.0
16.0
33.0
33.0
16.0
15.0
26.0
33.0
33.0
2.0
2.0
33.0
2.0
16.0
33.0
6.0
33.0
16.0
16.0
16.0
16.0
38.0
33.0
37.0
36.0
37.0
36.0
36.0
16.0
16.0
20.0
3.0
16.0
38.0
6.0
37.0
43.0
16.0
38.0
33.0
38.0
36.0
2.0
29.0
6.0
38.0
37.0
20.0
16.0
37.0
2.0
2.0
16.0
20.0
8.0
2.0
6.0
38.0
16.0
8.0
33.0
29.0
37.0
2.0
33.0
33.0
33.0
2.0
2.0
2.0
2.0
38.0
37.0
3.0
37.0
37.0
38.0
38.0
38.0
38.0
38.0
38.0
38.0
38.0
2.0
38.0
38.0
38.0
38.0
38.0
38.0
38.0
38.0
38.0
38.0
36.0
6.0
6.0
37.0
37.0
36.0
6.0
6.0
37.0
37.0
6.0
33.0
37.0
37.0
16.0
6.0
6.0
33.0
3.0
36.0
33.0
33.0
38.0
33.0
33.0
6.0
37.0
15.0
37.0
16.0
33.0
8.0
23.0
38.0
37.0
38.0
38.0
38.0
38.0
36.0
38.0
38.0
38.0
37.0
37.0
38.0
16.0
16.0
16.0
16.0
36.0
16.0
33.0
20.0
20.0
37.0
2.0
33.0
2.0
36.0
6.0
38.0
38.0
38.0
38.0
38.0
38.0
38.0
38.0
38.0
38.0
38.0
38.0
38.0
38.0
38.0
38.0
37.0
38.0
38.0
38.0
38.0
38.0
37.0
37.0
38.0
37.0
37.0
38.0
37.0
38.0
38.0
38.0
37.0
33.0
38.0
38.0
38.0
38.0
38.0
38.0
16.0
37.0
37.0
33.0
2.0
37.0
38.0
33.0
33.0
38.0
38.0
33.0
37.0
33.0
33.0
38.0
33.0
37.0
38.0
2.0
3.0
36.0
2.0
37.0
37.0
8.0
37.0
38.0
37.0
37.0
20.0
2.0
33.0
38.0
33.0
38.0
37.0
33.0
15.0
6.0
36.0
36.0
38.0
38.0
38.0
38.0
38.0
15.0
38.0
37.0
38.0
6.0
38.0
36.0
38.0
26.0
37.0
16.0
