2.0
36.0
36.0
20.0
10.0
20.0
36.0
36.0
37.0
36.0
36.0
22.0
20.0
20.0
22.0
20.0
20.0
22.0
20.0
20.0
20.0
20.0
10.0
10.0
10.0
10.0
10.0
10.0
10.0
10.0
10.0
20.0
22.0
20.0
20.0
20.0
22.0
20.0
20.0
5.0
20.0
20.0
20.0
20.0
20.0
20.0
2.0
20.0
4.0
2.0
20.0
2.0
20.0
4.0
4.0
22.0
2.0
4.0
22.0
20.0
4.0
36.0
4.0
20.0
20.0
20.0
20.0
10.0
20.0
10.0
36.0
36.0
36.0
36.0
20.0
20.0
20.0
8.0
20.0
10.0
20.0
10.0
36.0
20.0
10.0
20.0
10.0
36.0
22.0
10.0
20.0
10.0
10.0
20.0
20.0
10.0
2.0
22.0
20.0
20.0
10.0
22.0
20.0
10.0
20.0
10.0
2.0
22.0
37.0
22.0
20.0
2.0
2.0
22.0
2.0
22.0
22.0
10.0
10.0
8.0
10.0
36.0
10.0
10.0
10.0
10.0
10.0
10.0
10.0
10.0
22.0
10.0
10.0
10.0
10.0
10.0
10.0
10.0
10.0
10.0
10.0
36.0
36.0
36.0
36.0
37.0
36.0
36.0
36.0
10.0
10.0
36.0
20.0
10.0
37.0
20.0
20.0
36.0
4.0
2.0
36.0
4.0
2.0
10.0
2.0
2.0
20.0
37.0
2.0
10.0
20.0
4.0
26.0
36.0
10.0
10.0
10.0
10.0
10.0
10.0
36.0
10.0
10.0
10.0
10.0
10.0
10.0
20.0
20.0
20.0
20.0
36.0
20.0
4.0
20.0
20.0
36.0
2.0
2.0
22.0
36.0
20.0
10.0
10.0
10.0
10.0
10.0
10.0
10.0
10.0
10.0
10.0
10.0
10.0
10.0
10.0
10.0
10.0
10.0
10.0
10.0
10.0
10.0
10.0
10.0
10.0
10.0
10.0
10.0
10.0
10.0
10.0
10.0
10.0
10.0
4.0
10.0
10.0
10.0
10.0
10.0
10.0
20.0
10.0
37.0
20.0
2.0
10.0
10.0
4.0
4.0
10.0
10.0
4.0
36.0
20.0
20.0
10.0
4.0
10.0
10.0
22.0
2.0
36.0
22.0
10.0
10.0
2.0
10.0
10.0
10.0
10.0
20.0
22.0
4.0
10.0
20.0
10.0
10.0
20.0
20.0
36.0
36.0
36.0
10.0
10.0
10.0
10.0
10.0
2.0
10.0
37.0
10.0
36.0
10.0
36.0
10.0
20.0
10.0
20.0
