4.0
43.0
36.0
20.0
38.0
23.0
43.0
36.0
43.0
43.0
23.0
2.0
20.0
26.0
29.0
20.0
20.0
29.0
4.0
4.0
20.0
16.0
29.0
29.0
29.0
10.0
10.0
29.0
38.0
38.0
29.0
20.0
29.0
20.0
20.0
20.0
2.0
4.0
15.0
15.0
16.0
15.0
20.0
20.0
20.0
20.0
4.0
20.0
4.0
4.0
20.0
4.0
26.0
4.0
4.0
2.0
4.0
4.0
29.0
20.0
4.0
43.0
4.0
20.0
20.0
20.0
20.0
38.0
4.0
38.0
36.0
23.0
36.0
36.0
20.0
20.0
20.0
19.0
20.0
38.0
20.0
37.0
23.0
20.0
38.0
16.0
38.0
36.0
29.0
29.0
43.0
38.0
38.0
20.0
20.0
38.0
4.0
2.0
20.0
20.0
29.0
2.0
20.0
38.0
20.0
29.0
4.0
29.0
37.0
2.0
4.0
4.0
4.0
29.0
4.0
29.0
29.0
38.0
10.0
19.0
10.0
17.0
38.0
38.0
38.0
38.0
38.0
38.0
38.0
38.0
2.0
38.0
38.0
38.0
38.0
38.0
38.0
38.0
38.0
38.0
38.0
36.0
43.0
43.0
17.0
37.0
36.0
43.0
43.0
10.0
37.0
43.0
15.0
38.0
37.0
16.0
20.0
43.0
4.0
4.0
36.0
4.0
4.0
38.0
4.0
4.0
20.0
37.0
4.0
10.0
15.0
4.0
8.0
36.0
38.0
10.0
38.0
38.0
38.0
38.0
36.0
38.0
38.0
38.0
38.0
10.0
38.0
20.0
20.0
20.0
20.0
23.0
20.0
4.0
20.0
20.0
23.0
4.0
4.0
2.0
36.0
20.0
38.0
38.0
38.0
38.0
38.0
38.0
38.0
38.0
38.0
38.0
38.0
38.0
38.0
38.0
38.0
38.0
38.0
38.0
38.0
38.0
38.0
38.0
38.0
38.0
38.0
38.0
10.0
38.0
38.0
38.0
38.0
38.0
38.0
4.0
38.0
38.0
38.0
38.0
38.0
38.0
15.0
38.0
37.0
16.0
4.0
10.0
38.0
4.0
4.0
38.0
38.0
4.0
17.0
4.0
4.0
38.0
4.0
38.0
38.0
2.0
4.0
23.0
2.0
38.0
10.0
4.0
10.0
38.0
38.0
10.0
26.0
2.0
4.0
38.0
16.0
38.0
17.0
16.0
4.0
43.0
36.0
36.0
38.0
38.0
38.0
38.0
38.0
4.0
38.0
37.0
38.0
43.0
38.0
36.0
38.0
20.0
10.0
15.0
