4.0
1.0
23.0
20.0
10.0
23.0
1.0
23.0
1.0
1.0
23.0
22.0
16.0
20.0
22.0
20.0
20.0
22.0
4.0
4.0
16.0
4.0
22.0
8.0
8.0
10.0
10.0
22.0
10.0
10.0
8.0
3.0
22.0
20.0
20.0
20.0
22.0
4.0
3.0
4.0
4.0
3.0
3.0
20.0
20.0
20.0
4.0
20.0
4.0
4.0
20.0
15.0
15.0
4.0
4.0
22.0
15.0
4.0
22.0
3.0
4.0
14.0
4.0
20.0
20.0
20.0
20.0
10.0
4.0
10.0
23.0
23.0
36.0
23.0
20.0
20.0
20.0
4.0
20.0
10.0
14.0
10.0
23.0
20.0
10.0
4.0
10.0
23.0
22.0
22.0
14.0
10.0
10.0
20.0
20.0
10.0
2.0
22.0
20.0
20.0
8.0
22.0
14.0
10.0
20.0
10.0
2.0
22.0
37.0
22.0
4.0
4.0
2.0
22.0
2.0
22.0
22.0
10.0
10.0
3.0
10.0
36.0
10.0
10.0
10.0
10.0
10.0
10.0
10.0
10.0
22.0
10.0
10.0
10.0
10.0
10.0
10.0
10.0
10.0
10.0
10.0
23.0
14.0
14.0
36.0
37.0
23.0
14.0
14.0
10.0
10.0
14.0
4.0
10.0
37.0
4.0
3.0
14.0
4.0
15.0
23.0
4.0
4.0
10.0
4.0
4.0
14.0
37.0
15.0
10.0
3.0
4.0
26.0
36.0
10.0
10.0
10.0
10.0
10.0
10.0
36.0
10.0
10.0
10.0
10.0
10.0
10.0
20.0
20.0
20.0
20.0
23.0
20.0
4.0
20.0
20.0
23.0
15.0
4.0
22.0
23.0
14.0
10.0
10.0
10.0
10.0
10.0
10.0
10.0
10.0
10.0
10.0
10.0
10.0
10.0
10.0
10.0
10.0
10.0
10.0
10.0
10.0
10.0
10.0
10.0
10.0
10.0
10.0
10.0
10.0
10.0
10.0
10.0
10.0
10.0
4.0
10.0
10.0
10.0
10.0
10.0
10.0
4.0
10.0
37.0
4.0
2.0
10.0
10.0
4.0
4.0
10.0
10.0
4.0
36.0
4.0
4.0
10.0
4.0
10.0
10.0
22.0
15.0
23.0
22.0
10.0
10.0
15.0
10.0
10.0
10.0
10.0
20.0
22.0
4.0
10.0
4.0
10.0
10.0
4.0
15.0
14.0
23.0
23.0
10.0
10.0
10.0
10.0
10.0
15.0
10.0
10.0
10.0
14.0
10.0
23.0
10.0
15.0
10.0
20.0
