4.0
43.0
1.0
20.0
10.0
20.0
37.0
1.0
37.0
37.0
1.0
26.0
20.0
26.0
39.0
20.0
20.0
39.0
4.0
4.0
20.0
4.0
39.0
39.0
39.0
10.0
10.0
39.0
10.0
10.0
39.0
4.0
2.0
20.0
20.0
20.0
22.0
4.0
20.0
4.0
4.0
20.0
20.0
20.0
20.0
20.0
4.0
4.0
4.0
4.0
4.0
4.0
26.0
4.0
4.0
22.0
4.0
4.0
39.0
20.0
4.0
43.0
4.0
20.0
20.0
20.0
20.0
10.0
4.0
10.0
1.0
1.0
1.0
1.0
20.0
20.0
20.0
4.0
20.0
10.0
20.0
10.0
1.0
20.0
10.0
4.0
10.0
1.0
2.0
39.0
43.0
10.0
10.0
20.0
4.0
10.0
4.0
39.0
20.0
20.0
39.0
39.0
43.0
10.0
20.0
39.0
4.0
39.0
37.0
22.0
4.0
4.0
4.0
39.0
4.0
39.0
39.0
10.0
10.0
43.0
10.0
37.0
10.0
10.0
10.0
10.0
10.0
10.0
10.0
10.0
2.0
10.0
10.0
10.0
10.0
10.0
10.0
10.0
10.0
10.0
10.0
1.0
43.0
43.0
37.0
37.0
1.0
43.0
43.0
10.0
10.0
43.0
4.0
10.0
37.0
4.0
20.0
43.0
4.0
4.0
1.0
4.0
4.0
10.0
4.0
4.0
20.0
37.0
4.0
10.0
20.0
4.0
19.0
1.0
10.0
10.0
10.0
10.0
10.0
10.0
1.0
10.0
10.0
10.0
10.0
10.0
10.0
20.0
20.0
20.0
20.0
1.0
20.0
4.0
20.0
20.0
17.0
4.0
4.0
22.0
1.0
43.0
10.0
10.0
10.0
10.0
10.0
10.0
10.0
10.0
10.0
10.0
10.0
10.0
10.0
10.0
10.0
10.0
10.0
10.0
10.0
10.0
10.0
10.0
10.0
10.0
10.0
10.0
10.0
10.0
10.0
10.0
10.0
10.0
10.0
4.0
10.0
10.0
10.0
10.0
10.0
10.0
4.0
10.0
37.0
4.0
4.0
10.0
10.0
4.0
4.0
10.0
10.0
4.0
37.0
4.0
4.0
10.0
4.0
10.0
10.0
22.0
4.0
1.0
22.0
10.0
10.0
4.0
10.0
10.0
10.0
10.0
20.0
22.0
4.0
10.0
4.0
10.0
10.0
4.0
4.0
43.0
1.0
1.0
10.0
10.0
10.0
10.0
10.0
4.0
10.0
37.0
10.0
43.0
10.0
1.0
10.0
26.0
10.0
4.0
