4.0
43.0
31.0
20.0
10.0
43.0
43.0
31.0
37.0
37.0
43.0
8.0
16.0
20.0
8.0
20.0
20.0
8.0
4.0
4.0
16.0
4.0
8.0
8.0
8.0
10.0
37.0
8.0
10.0
10.0
8.0
4.0
8.0
16.0
16.0
16.0
19.0
4.0
16.0
4.0
4.0
16.0
16.0
20.0
20.0
20.0
4.0
4.0
4.0
4.0
4.0
4.0
4.0
4.0
4.0
8.0
4.0
4.0
8.0
16.0
4.0
43.0
4.0
20.0
20.0
20.0
20.0
10.0
4.0
10.0
31.0
37.0
1.0
43.0
20.0
20.0
20.0
26.0
20.0
10.0
43.0
10.0
43.0
20.0
10.0
4.0
10.0
31.0
8.0
10.0
43.0
10.0
10.0
20.0
4.0
10.0
4.0
8.0
20.0
20.0
8.0
8.0
43.0
10.0
20.0
8.0
4.0
8.0
37.0
8.0
4.0
4.0
4.0
8.0
4.0
8.0
8.0
10.0
37.0
26.0
37.0
37.0
10.0
10.0
10.0
10.0
10.0
10.0
10.0
10.0
8.0
10.0
10.0
10.0
10.0
10.0
10.0
10.0
10.0
10.0
10.0
31.0
43.0
43.0
37.0
37.0
43.0
43.0
43.0
10.0
37.0
43.0
4.0
10.0
37.0
16.0
16.0
43.0
4.0
4.0
43.0
4.0
4.0
10.0
4.0
4.0
16.0
37.0
4.0
37.0
16.0
4.0
26.0
31.0
10.0
37.0
10.0
10.0
10.0
10.0
31.0
10.0
10.0
10.0
10.0
37.0
10.0
20.0
20.0
20.0
20.0
31.0
20.0
4.0
20.0
20.0
37.0
4.0
4.0
8.0
31.0
43.0
10.0
10.0
10.0
10.0
10.0
10.0
10.0
10.0
10.0
10.0
10.0
10.0
10.0
10.0
10.0
10.0
10.0
10.0
10.0
10.0
10.0
10.0
10.0
10.0
10.0
10.0
37.0
10.0
10.0
10.0
10.0
10.0
10.0
4.0
10.0
10.0
10.0
10.0
10.0
10.0
4.0
10.0
37.0
4.0
4.0
37.0
10.0
4.0
4.0
10.0
10.0
4.0
37.0
4.0
4.0
10.0
4.0
10.0
10.0
8.0
4.0
1.0
8.0
10.0
37.0
4.0
37.0
10.0
10.0
37.0
20.0
8.0
4.0
10.0
4.0
10.0
37.0
4.0
4.0
43.0
31.0
31.0
10.0
10.0
10.0
10.0
10.0
4.0
10.0
37.0
10.0
43.0
10.0
31.0
10.0
20.0
37.0
4.0
