4.0
43.0
23.0
4.0
10.0
20.0
1.0
23.0
37.0
43.0
23.0
26.0
20.0
26.0
2.0
20.0
20.0
2.0
4.0
4.0
20.0
4.0
39.0
39.0
39.0
10.0
10.0
39.0
10.0
10.0
39.0
20.0
2.0
20.0
20.0
20.0
8.0
4.0
20.0
4.0
4.0
20.0
20.0
20.0
20.0
20.0
4.0
20.0
4.0
4.0
20.0
3.0
26.0
4.0
4.0
2.0
3.0
4.0
2.0
20.0
4.0
43.0
4.0
20.0
20.0
20.0
20.0
10.0
4.0
10.0
23.0
23.0
23.0
23.0
20.0
20.0
20.0
20.0
20.0
10.0
20.0
10.0
23.0
20.0
10.0
4.0
10.0
23.0
2.0
39.0
43.0
10.0
10.0
20.0
20.0
10.0
4.0
2.0
20.0
20.0
39.0
2.0
20.0
10.0
20.0
39.0
4.0
2.0
37.0
26.0
4.0
4.0
4.0
2.0
4.0
2.0
2.0
10.0
10.0
20.0
10.0
23.0
10.0
10.0
10.0
10.0
10.0
10.0
10.0
10.0
2.0
10.0
10.0
10.0
10.0
10.0
10.0
10.0
10.0
10.0
10.0
23.0
43.0
43.0
23.0
37.0
23.0
43.0
43.0
10.0
10.0
43.0
4.0
10.0
37.0
4.0
20.0
43.0
4.0
4.0
23.0
4.0
4.0
10.0
4.0
4.0
20.0
37.0
3.0
10.0
20.0
4.0
43.0
23.0
10.0
10.0
10.0
10.0
10.0
10.0
23.0
10.0
10.0
10.0
10.0
10.0
10.0
20.0
20.0
20.0
20.0
23.0
20.0
4.0
20.0
20.0
23.0
4.0
4.0
2.0
23.0
43.0
10.0
10.0
10.0
10.0
10.0
10.0
10.0
10.0
10.0
10.0
10.0
10.0
10.0
10.0
10.0
10.0
10.0
10.0
10.0
10.0
10.0
10.0
10.0
10.0
10.0
10.0
10.0
10.0
10.0
10.0
10.0
10.0
10.0
4.0
10.0
10.0
10.0
10.0
10.0
10.0
4.0
10.0
37.0
4.0
4.0
10.0
10.0
4.0
4.0
10.0
10.0
4.0
23.0
4.0
4.0
10.0
4.0
10.0
10.0
2.0
4.0
23.0
26.0
10.0
10.0
3.0
10.0
10.0
10.0
10.0
20.0
2.0
4.0
10.0
4.0
10.0
10.0
4.0
4.0
43.0
23.0
23.0
10.0
10.0
10.0
10.0
10.0
3.0
10.0
37.0
10.0
43.0
10.0
23.0
10.0
26.0
10.0
20.0
