4.0
36.0
31.0
20.0
10.0
20.0
17.0
36.0
10.0
10.0
36.0
22.0
20.0
22.0
22.0
20.0
20.0
29.0
4.0
4.0
20.0
20.0
29.0
29.0
29.0
10.0
10.0
29.0
10.0
10.0
29.0
20.0
22.0
20.0
20.0
20.0
22.0
4.0
20.0
16.0
4.0
20.0
20.0
20.0
20.0
20.0
4.0
20.0
4.0
4.0
20.0
20.0
20.0
4.0
4.0
22.0
22.0
4.0
22.0
20.0
4.0
36.0
4.0
20.0
20.0
20.0
20.0
10.0
4.0
10.0
36.0
31.0
31.0
36.0
20.0
20.0
20.0
22.0
20.0
10.0
20.0
10.0
36.0
20.0
10.0
4.0
10.0
36.0
29.0
29.0
20.0
10.0
10.0
20.0
20.0
10.0
4.0
22.0
20.0
20.0
29.0
22.0
20.0
10.0
20.0
10.0
4.0
29.0
1.0
22.0
4.0
4.0
4.0
22.0
4.0
22.0
22.0
10.0
10.0
34.0
10.0
1.0
10.0
10.0
10.0
10.0
10.0
10.0
10.0
10.0
22.0
10.0
10.0
10.0
10.0
10.0
10.0
10.0
10.0
10.0
10.0
36.0
36.0
36.0
1.0
1.0
36.0
36.0
36.0
10.0
10.0
36.0
4.0
10.0
1.0
16.0
20.0
36.0
4.0
4.0
36.0
4.0
4.0
10.0
4.0
4.0
20.0
1.0
20.0
10.0
20.0
4.0
26.0
31.0
10.0
10.0
10.0
10.0
10.0
10.0
31.0
10.0
10.0
10.0
10.0
10.0
10.0
20.0
20.0
20.0
20.0
31.0
20.0
4.0
20.0
20.0
31.0
4.0
4.0
22.0
36.0
20.0
10.0
10.0
10.0
10.0
10.0
10.0
10.0
10.0
10.0
10.0
10.0
10.0
10.0
10.0
10.0
10.0
10.0
10.0
10.0
10.0
10.0
10.0
10.0
10.0
10.0
10.0
10.0
10.0
10.0
10.0
10.0
10.0
10.0
4.0
10.0
10.0
10.0
10.0
10.0
10.0
20.0
10.0
1.0
4.0
4.0
10.0
10.0
4.0
4.0
10.0
10.0
4.0
1.0
4.0
4.0
10.0
4.0
10.0
10.0
22.0
4.0
36.0
22.0
10.0
10.0
4.0
10.0
10.0
10.0
10.0
26.0
22.0
4.0
10.0
20.0
10.0
10.0
20.0
20.0
36.0
36.0
36.0
10.0
10.0
10.0
10.0
10.0
20.0
10.0
10.0
10.0
36.0
10.0
36.0
10.0
26.0
10.0
20.0
