2.0
43.0
31.0
20.0
38.0
43.0
37.0
31.0
37.0
43.0
43.0
2.0
16.0
8.0
2.0
20.0
20.0
2.0
33.0
33.0
16.0
33.0
8.0
8.0
8.0
37.0
37.0
8.0
38.0
38.0
8.0
16.0
2.0
16.0
16.0
16.0
8.0
33.0
16.0
16.0
33.0
16.0
16.0
20.0
20.0
20.0
2.0
16.0
33.0
2.0
16.0
2.0
8.0
33.0
2.0
2.0
2.0
33.0
2.0
16.0
2.0
43.0
33.0
20.0
20.0
16.0
16.0
38.0
33.0
38.0
31.0
31.0
31.0
31.0
16.0
20.0
20.0
43.0
20.0
38.0
43.0
37.0
43.0
20.0
38.0
33.0
38.0
31.0
2.0
8.0
43.0
38.0
37.0
20.0
16.0
37.0
2.0
2.0
20.0
20.0
8.0
2.0
16.0
38.0
20.0
8.0
2.0
2.0
37.0
2.0
33.0
2.0
2.0
2.0
2.0
2.0
2.0
38.0
37.0
43.0
37.0
37.0
38.0
38.0
38.0
38.0
38.0
38.0
38.0
38.0
2.0
38.0
38.0
38.0
38.0
38.0
38.0
38.0
38.0
38.0
38.0
31.0
43.0
43.0
37.0
37.0
43.0
43.0
43.0
37.0
37.0
43.0
33.0
37.0
37.0
16.0
16.0
43.0
33.0
2.0
43.0
33.0
2.0
38.0
2.0
2.0
16.0
37.0
2.0
37.0
16.0
33.0
43.0
31.0
38.0
37.0
38.0
38.0
38.0
38.0
31.0
38.0
38.0
38.0
38.0
37.0
38.0
16.0
16.0
16.0
16.0
31.0
16.0
33.0
20.0
20.0
31.0
2.0
2.0
2.0
31.0
16.0
38.0
38.0
38.0
38.0
38.0
38.0
38.0
38.0
38.0
38.0
38.0
38.0
38.0
38.0
38.0
38.0
38.0
38.0
38.0
38.0
38.0
38.0
37.0
38.0
38.0
38.0
37.0
38.0
38.0
38.0
38.0
38.0
38.0
33.0
38.0
38.0
38.0
38.0
38.0
38.0
16.0
38.0
37.0
33.0
2.0
37.0
38.0
33.0
33.0
38.0
38.0
33.0
37.0
33.0
33.0
38.0
33.0
38.0
38.0
2.0
2.0
31.0
2.0
38.0
37.0
2.0
37.0
38.0
38.0
37.0
43.0
2.0
33.0
38.0
33.0
38.0
37.0
33.0
33.0
43.0
31.0
31.0
38.0
38.0
38.0
38.0
38.0
2.0
38.0
37.0
38.0
43.0
38.0
31.0
38.0
20.0
37.0
16.0
