19.0
36.0
36.0
20.0
10.0
1.0
36.0
36.0
23.0
36.0
36.0
8.0
16.0
20.0
10.0
20.0
20.0
10.0
3.0
3.0
16.0
3.0
10.0
10.0
10.0
10.0
10.0
10.0
10.0
10.0
10.0
16.0
10.0
16.0
16.0
16.0
8.0
3.0
16.0
16.0
16.0
16.0
16.0
20.0
20.0
20.0
19.0
16.0
19.0
19.0
16.0
19.0
8.0
19.0
19.0
10.0
8.0
5.0
10.0
16.0
19.0
16.0
19.0
20.0
20.0
16.0
16.0
10.0
19.0
10.0
36.0
36.0
36.0
36.0
16.0
20.0
20.0
8.0
20.0
10.0
16.0
10.0
36.0
20.0
10.0
16.0
10.0
36.0
10.0
10.0
16.0
10.0
10.0
20.0
16.0
10.0
19.0
10.0
20.0
20.0
10.0
10.0
16.0
10.0
20.0
10.0
19.0
10.0
10.0
10.0
19.0
19.0
19.0
10.0
19.0
10.0
10.0
10.0
10.0
8.0
10.0
1.0
10.0
10.0
10.0
10.0
10.0
10.0
10.0
10.0
10.0
10.0
10.0
10.0
10.0
10.0
10.0
10.0
10.0
10.0
10.0
36.0
36.0
16.0
1.0
10.0
36.0
36.0
36.0
10.0
10.0
36.0
16.0
10.0
10.0
16.0
16.0
36.0
19.0
19.0
36.0
19.0
19.0
10.0
19.0
19.0
16.0
10.0
8.0
10.0
16.0
19.0
8.0
36.0
10.0
10.0
10.0
10.0
10.0
10.0
36.0
10.0
10.0
10.0
10.0
10.0
10.0
16.0
16.0
16.0
16.0
36.0
16.0
3.0
20.0
20.0
36.0
19.0
19.0
8.0
36.0
16.0
10.0
10.0
10.0
10.0
10.0
10.0
10.0
10.0
10.0
10.0
10.0
10.0
10.0
10.0
10.0
10.0
10.0
10.0
10.0
10.0
10.0
10.0
10.0
10.0
10.0
10.0
10.0
10.0
10.0
10.0
10.0
10.0
10.0
19.0
10.0
10.0
10.0
10.0
10.0
10.0
16.0
10.0
10.0
3.0
19.0
10.0
10.0
19.0
19.0
10.0
10.0
19.0
10.0
19.0
3.0
10.0
19.0
10.0
10.0
10.0
19.0
36.0
10.0
10.0
10.0
19.0
10.0
10.0
10.0
10.0
8.0
10.0
19.0
10.0
3.0
10.0
10.0
3.0
19.0
16.0
36.0
36.0
10.0
10.0
10.0
10.0
10.0
19.0
10.0
10.0
10.0
36.0
10.0
36.0
10.0
20.0
10.0
16.0
