4.0
6.0
8.0
20.0
10.0
6.0
8.0
8.0
8.0
8.0
8.0
2.0
16.0
2.0
29.0
20.0
20.0
29.0
4.0
4.0
16.0
4.0
29.0
29.0
29.0
10.0
10.0
29.0
10.0
10.0
29.0
4.0
29.0
16.0
16.0
16.0
2.0
4.0
16.0
4.0
4.0
16.0
16.0
20.0
20.0
20.0
4.0
4.0
4.0
4.0
4.0
4.0
20.0
4.0
4.0
2.0
20.0
4.0
29.0
16.0
4.0
6.0
4.0
20.0
20.0
20.0
20.0
10.0
4.0
10.0
8.0
8.0
8.0
8.0
20.0
20.0
20.0
4.0
20.0
10.0
16.0
10.0
1.0
20.0
10.0
4.0
10.0
8.0
29.0
29.0
16.0
10.0
10.0
20.0
20.0
10.0
4.0
29.0
20.0
20.0
29.0
29.0
16.0
10.0
20.0
29.0
4.0
29.0
8.0
2.0
4.0
4.0
4.0
29.0
4.0
29.0
29.0
10.0
10.0
16.0
10.0
8.0
10.0
10.0
10.0
10.0
10.0
10.0
10.0
10.0
29.0
10.0
10.0
10.0
10.0
10.0
10.0
10.0
10.0
10.0
10.0
8.0
6.0
16.0
8.0
8.0
1.0
6.0
6.0
10.0
10.0
6.0
4.0
10.0
8.0
4.0
16.0
6.0
4.0
4.0
1.0
4.0
4.0
10.0
4.0
4.0
16.0
8.0
4.0
10.0
16.0
4.0
8.0
8.0
10.0
10.0
10.0
10.0
10.0
10.0
8.0
10.0
10.0
10.0
10.0
10.0
10.0
20.0
16.0
20.0
20.0
8.0
20.0
4.0
20.0
20.0
8.0
4.0
4.0
2.0
1.0
16.0
10.0
10.0
10.0
10.0
10.0
10.0
10.0
10.0
10.0
10.0
10.0
10.0
10.0
10.0
10.0
10.0
10.0
10.0
10.0
10.0
10.0
10.0
10.0
10.0
10.0
10.0
10.0
10.0
10.0
10.0
10.0
10.0
10.0
4.0
10.0
10.0
10.0
10.0
10.0
10.0
4.0
10.0
8.0
4.0
4.0
10.0
10.0
4.0
4.0
10.0
10.0
4.0
8.0
4.0
4.0
10.0
4.0
10.0
10.0
2.0
4.0
8.0
2.0
10.0
10.0
4.0
10.0
10.0
10.0
10.0
16.0
2.0
4.0
10.0
4.0
10.0
10.0
4.0
4.0
6.0
1.0
1.0
10.0
10.0
10.0
10.0
10.0
4.0
10.0
37.0
10.0
6.0
10.0
1.0
10.0
20.0
10.0
4.0
