19.0
43.0
23.0
16.0
45.0
43.0
1.0
23.0
37.0
43.0
23.0
2.0
16.0
8.0
2.0
16.0
16.0
2.0
33.0
33.0
16.0
33.0
8.0
8.0
8.0
45.0
45.0
8.0
45.0
45.0
8.0
16.0
2.0
16.0
16.0
16.0
8.0
33.0
16.0
16.0
33.0
16.0
16.0
16.0
16.0
16.0
19.0
16.0
19.0
19.0
16.0
19.0
19.0
19.0
19.0
2.0
19.0
33.0
2.0
16.0
19.0
43.0
19.0
16.0
16.0
16.0
16.0
45.0
33.0
45.0
23.0
23.0
23.0
23.0
16.0
16.0
16.0
19.0
16.0
45.0
43.0
45.0
23.0
16.0
45.0
33.0
45.0
23.0
2.0
8.0
43.0
45.0
45.0
16.0
16.0
45.0
19.0
2.0
16.0
16.0
8.0
2.0
43.0
45.0
16.0
8.0
19.0
8.0
37.0
2.0
19.0
19.0
19.0
2.0
19.0
2.0
2.0
45.0
45.0
8.0
45.0
1.0
45.0
45.0
45.0
45.0
45.0
45.0
45.0
45.0
2.0
45.0
45.0
45.0
45.0
45.0
45.0
45.0
45.0
45.0
45.0
23.0
43.0
43.0
23.0
37.0
23.0
43.0
43.0
45.0
37.0
43.0
33.0
45.0
37.0
16.0
16.0
43.0
19.0
19.0
23.0
19.0
19.0
45.0
19.0
19.0
16.0
37.0
19.0
45.0
16.0
19.0
8.0
23.0
45.0
37.0
45.0
45.0
45.0
45.0
23.0
45.0
45.0
45.0
45.0
45.0
45.0
16.0
16.0
16.0
16.0
23.0
16.0
33.0
16.0
16.0
23.0
19.0
19.0
2.0
23.0
43.0
45.0
45.0
45.0
45.0
45.0
45.0
45.0
45.0
45.0
45.0
45.0
45.0
45.0
45.0
45.0
45.0
45.0
45.0
45.0
45.0
45.0
45.0
45.0
45.0
45.0
45.0
37.0
45.0
45.0
45.0
45.0
45.0
45.0
33.0
45.0
45.0
45.0
45.0
45.0
45.0
16.0
45.0
37.0
33.0
19.0
45.0
45.0
33.0
19.0
45.0
45.0
33.0
37.0
19.0
33.0
45.0
19.0
45.0
45.0
2.0
19.0
23.0
2.0
45.0
45.0
19.0
45.0
45.0
45.0
37.0
8.0
2.0
19.0
45.0
33.0
45.0
37.0
33.0
19.0
43.0
23.0
23.0
45.0
45.0
45.0
45.0
45.0
19.0
45.0
37.0
45.0
43.0
45.0
23.0
45.0
22.0
45.0
16.0
