15.0
36.0
36.0
15.0
10.0
36.0
37.0
36.0
37.0
37.0
25.0
20.0
16.0
16.0
19.0
16.0
16.0
20.0
15.0
15.0
16.0
15.0
19.0
19.0
19.0
10.0
10.0
19.0
45.0
11.0
19.0
16.0
20.0
16.0
16.0
16.0
33.0
15.0
16.0
16.0
15.0
16.0
16.0
16.0
16.0
16.0
15.0
16.0
15.0
15.0
15.0
15.0
15.0
15.0
15.0
20.0
15.0
15.0
20.0
16.0
15.0
36.0
15.0
16.0
16.0
16.0
16.0
11.0
15.0
10.0
36.0
36.0
36.0
36.0
16.0
16.0
16.0
30.0
16.0
11.0
16.0
10.0
36.0
16.0
45.0
15.0
11.0
36.0
20.0
19.0
16.0
11.0
10.0
16.0
16.0
10.0
15.0
20.0
16.0
16.0
19.0
20.0
16.0
11.0
16.0
30.0
15.0
19.0
10.0
19.0
15.0
15.0
15.0
20.0
15.0
20.0
20.0
11.0
10.0
30.0
10.0
43.0
45.0
45.0
45.0
45.0
45.0
11.0
45.0
45.0
20.0
45.0
45.0
45.0
45.0
45.0
45.0
11.0
45.0
45.0
45.0
36.0
36.0
16.0
43.0
43.0
36.0
36.0
36.0
10.0
10.0
36.0
15.0
10.0
10.0
16.0
16.0
36.0
15.0
15.0
36.0
15.0
15.0
11.0
15.0
15.0
16.0
10.0
15.0
10.0
16.0
15.0
8.0
36.0
11.0
10.0
11.0
45.0
11.0
45.0
36.0
45.0
45.0
11.0
10.0
10.0
45.0
16.0
16.0
16.0
16.0
36.0
16.0
15.0
16.0
16.0
25.0
15.0
15.0
19.0
36.0
16.0
11.0
45.0
11.0
45.0
11.0
11.0
11.0
11.0
45.0
45.0
11.0
11.0
11.0
11.0
45.0
45.0
10.0
10.0
45.0
45.0
45.0
45.0
10.0
10.0
11.0
10.0
10.0
11.0
10.0
11.0
11.0
11.0
10.0
15.0
11.0
11.0
45.0
11.0
11.0
11.0
16.0
10.0
25.0
15.0
15.0
10.0
11.0
15.0
15.0
11.0
11.0
15.0
25.0
15.0
15.0
11.0
15.0
10.0
11.0
20.0
15.0
36.0
19.0
11.0
10.0
15.0
10.0
45.0
10.0
10.0
8.0
20.0
15.0
45.0
15.0
45.0
10.0
15.0
15.0
36.0
36.0
36.0
45.0
11.0
45.0
11.0
45.0
15.0
11.0
10.0
45.0
36.0
45.0
36.0
45.0
15.0
10.0
16.0
