33.0
20.0
1.0
4.0
11.0
23.0
37.0
23.0
37.0
20.0
23.0
16.0
16.0
16.0
19.0
16.0
16.0
19.0
4.0
4.0
16.0
4.0
19.0
19.0
19.0
11.0
11.0
19.0
11.0
11.0
19.0
16.0
19.0
16.0
16.0
16.0
33.0
4.0
16.0
32.0
4.0
16.0
16.0
16.0
16.0
16.0
33.0
16.0
33.0
33.0
16.0
33.0
33.0
33.0
33.0
19.0
33.0
33.0
19.0
16.0
33.0
20.0
33.0
16.0
16.0
16.0
16.0
11.0
33.0
11.0
1.0
1.0
1.0
1.0
16.0
16.0
16.0
30.0
16.0
11.0
20.0
11.0
1.0
16.0
11.0
4.0
11.0
1.0
19.0
19.0
20.0
11.0
11.0
16.0
16.0
11.0
33.0
19.0
16.0
16.0
30.0
19.0
20.0
11.0
16.0
16.0
33.0
19.0
25.0
19.0
33.0
33.0
33.0
19.0
33.0
19.0
19.0
11.0
11.0
30.0
11.0
25.0
11.0
11.0
11.0
11.0
11.0
11.0
11.0
11.0
19.0
11.0
11.0
11.0
11.0
11.0
11.0
11.0
11.0
11.0
11.0
1.0
20.0
20.0
25.0
25.0
1.0
20.0
20.0
11.0
25.0
20.0
4.0
11.0
25.0
4.0
16.0
20.0
33.0
33.0
1.0
33.0
33.0
11.0
33.0
33.0
16.0
25.0
33.0
11.0
16.0
33.0
30.0
1.0
11.0
11.0
11.0
11.0
11.0
11.0
1.0
11.0
11.0
11.0
11.0
11.0
11.0
16.0
16.0
16.0
16.0
1.0
16.0
4.0
16.0
16.0
1.0
33.0
33.0
33.0
23.0
16.0
11.0
11.0
11.0
11.0
11.0
11.0
11.0
11.0
11.0
11.0
11.0
11.0
11.0
11.0
11.0
11.0
11.0
11.0
11.0
11.0
11.0
11.0
11.0
11.0
11.0
11.0
11.0
11.0
11.0
11.0
11.0
11.0
11.0
33.0
11.0
11.0
11.0
11.0
11.0
11.0
4.0
11.0
25.0
4.0
33.0
11.0
11.0
33.0
33.0
11.0
11.0
33.0
25.0
33.0
4.0
11.0
33.0
11.0
11.0
19.0
33.0
1.0
19.0
11.0
11.0
33.0
11.0
11.0
11.0
11.0
30.0
19.0
33.0
11.0
4.0
11.0
11.0
4.0
4.0
20.0
23.0
23.0
11.0
11.0
11.0
11.0
11.0
33.0
11.0
25.0
11.0
20.0
11.0
1.0
11.0
4.0
11.0
4.0
