2.0
34.0
23.0
4.0
10.0
23.0
37.0
23.0
37.0
37.0
23.0
2.0
34.0
16.0
2.0
16.0
16.0
2.0
4.0
4.0
34.0
4.0
19.0
19.0
19.0
10.0
10.0
19.0
11.0
11.0
19.0
4.0
2.0
34.0
32.0
32.0
2.0
4.0
32.0
32.0
4.0
32.0
34.0
16.0
16.0
16.0
2.0
16.0
2.0
2.0
16.0
2.0
33.0
2.0
2.0
2.0
2.0
4.0
2.0
32.0
2.0
34.0
2.0
16.0
16.0
16.0
16.0
10.0
4.0
10.0
23.0
23.0
1.0
23.0
16.0
16.0
16.0
8.0
16.0
10.0
34.0
10.0
23.0
16.0
11.0
4.0
10.0
23.0
2.0
19.0
34.0
10.0
10.0
16.0
16.0
10.0
2.0
2.0
16.0
16.0
16.0
2.0
34.0
11.0
16.0
16.0
2.0
19.0
37.0
20.0
2.0
2.0
2.0
2.0
2.0
2.0
2.0
11.0
10.0
8.0
10.0
1.0
11.0
11.0
11.0
11.0
11.0
10.0
11.0
11.0
2.0
11.0
11.0
11.0
11.0
11.0
11.0
10.0
11.0
11.0
11.0
23.0
34.0
34.0
1.0
37.0
23.0
34.0
34.0
10.0
1.0
34.0
4.0
10.0
37.0
4.0
34.0
34.0
2.0
2.0
23.0
2.0
2.0
10.0
2.0
2.0
34.0
1.0
2.0
10.0
32.0
2.0
8.0
23.0
10.0
10.0
10.0
11.0
10.0
11.0
1.0
11.0
11.0
11.0
10.0
10.0
11.0
16.0
16.0
16.0
32.0
23.0
16.0
4.0
16.0
16.0
23.0
2.0
2.0
2.0
23.0
34.0
10.0
11.0
11.0
11.0
10.0
10.0
10.0
10.0
11.0
11.0
10.0
10.0
10.0
10.0
11.0
11.0
10.0
10.0
11.0
11.0
11.0
11.0
10.0
10.0
10.0
10.0
10.0
10.0
10.0
10.0
10.0
10.0
10.0
3.0
10.0
10.0
11.0
10.0
10.0
11.0
4.0
10.0
1.0
4.0
2.0
10.0
10.0
3.0
3.0
10.0
10.0
3.0
1.0
4.0
4.0
10.0
3.0
10.0
10.0
2.0
2.0
23.0
2.0
10.0
10.0
2.0
10.0
11.0
10.0
10.0
16.0
2.0
3.0
11.0
4.0
11.0
10.0
4.0
4.0
34.0
23.0
23.0
11.0
10.0
11.0
10.0
11.0
2.0
10.0
1.0
11.0
34.0
11.0
23.0
11.0
4.0
10.0
4.0
