2.0
1.0
36.0
4.0
10.0
23.0
37.0
36.0
37.0
37.0
23.0
2.0
16.0
16.0
2.0
16.0
16.0
2.0
4.0
4.0
20.0
4.0
19.0
19.0
19.0
10.0
10.0
19.0
45.0
10.0
19.0
4.0
2.0
16.0
16.0
16.0
2.0
4.0
16.0
4.0
4.0
16.0
16.0
16.0
16.0
16.0
2.0
4.0
15.0
2.0
4.0
2.0
33.0
2.0
2.0
2.0
2.0
4.0
2.0
16.0
2.0
1.0
15.0
16.0
16.0
16.0
16.0
10.0
4.0
10.0
36.0
23.0
36.0
36.0
16.0
16.0
16.0
30.0
16.0
10.0
16.0
10.0
36.0
16.0
45.0
4.0
10.0
36.0
2.0
19.0
20.0
10.0
10.0
16.0
4.0
10.0
2.0
2.0
16.0
16.0
19.0
2.0
20.0
10.0
16.0
19.0
2.0
19.0
1.0
2.0
15.0
2.0
2.0
2.0
2.0
2.0
2.0
10.0
10.0
30.0
10.0
1.0
45.0
45.0
45.0
45.0
45.0
10.0
45.0
45.0
2.0
45.0
45.0
45.0
45.0
45.0
45.0
10.0
10.0
45.0
10.0
36.0
1.0
1.0
23.0
1.0
36.0
1.0
1.0
10.0
37.0
1.0
4.0
10.0
1.0
4.0
16.0
1.0
15.0
2.0
36.0
2.0
2.0
10.0
2.0
2.0
20.0
1.0
2.0
10.0
16.0
15.0
8.0
36.0
10.0
10.0
10.0
45.0
10.0
45.0
36.0
45.0
45.0
10.0
10.0
10.0
45.0
16.0
16.0
16.0
16.0
23.0
16.0
4.0
16.0
16.0
23.0
2.0
2.0
2.0
36.0
16.0
10.0
45.0
10.0
45.0
10.0
10.0
10.0
10.0
45.0
10.0
10.0
10.0
10.0
10.0
45.0
45.0
10.0
10.0
45.0
45.0
45.0
45.0
10.0
10.0
10.0
10.0
10.0
10.0
10.0
10.0
10.0
10.0
10.0
4.0
10.0
10.0
45.0
10.0
10.0
10.0
4.0
10.0
1.0
4.0
2.0
10.0
10.0
4.0
4.0
10.0
10.0
4.0
1.0
4.0
4.0
10.0
15.0
10.0
10.0
2.0
2.0
36.0
2.0
10.0
10.0
2.0
10.0
45.0
10.0
10.0
16.0
2.0
4.0
45.0
4.0
45.0
10.0
4.0
4.0
20.0
36.0
36.0
45.0
10.0
45.0
10.0
45.0
2.0
10.0
1.0
45.0
1.0
45.0
36.0
45.0
4.0
10.0
4.0
