15.0
37.0
36.0
4.0
10.0
37.0
37.0
36.0
37.0
37.0
37.0
19.0
20.0
16.0
19.0
16.0
16.0
19.0
33.0
33.0
20.0
15.0
19.0
19.0
19.0
10.0
10.0
19.0
10.0
10.0
19.0
16.0
19.0
20.0
20.0
20.0
2.0
33.0
20.0
33.0
33.0
20.0
20.0
16.0
16.0
16.0
15.0
33.0
15.0
15.0
33.0
15.0
15.0
15.0
15.0
19.0
15.0
15.0
19.0
20.0
15.0
20.0
15.0
16.0
16.0
16.0
16.0
10.0
15.0
10.0
36.0
37.0
36.0
36.0
16.0
16.0
16.0
30.0
16.0
10.0
20.0
10.0
36.0
16.0
10.0
33.0
10.0
36.0
19.0
19.0
20.0
10.0
10.0
16.0
33.0
10.0
15.0
19.0
16.0
16.0
19.0
19.0
20.0
10.0
16.0
19.0
15.0
19.0
10.0
19.0
15.0
15.0
15.0
19.0
15.0
19.0
19.0
10.0
10.0
30.0
10.0
37.0
10.0
10.0
10.0
10.0
10.0
10.0
10.0
10.0
19.0
10.0
10.0
10.0
10.0
10.0
10.0
10.0
10.0
10.0
10.0
36.0
20.0
20.0
37.0
10.0
36.0
37.0
20.0
10.0
10.0
20.0
33.0
10.0
10.0
44.0
20.0
37.0
15.0
15.0
36.0
15.0
15.0
10.0
15.0
15.0
20.0
10.0
15.0
10.0
20.0
15.0
8.0
36.0
10.0
10.0
10.0
10.0
10.0
10.0
36.0
10.0
10.0
10.0
10.0
10.0
10.0
16.0
16.0
16.0
16.0
37.0
16.0
33.0
16.0
16.0
37.0
15.0
15.0
19.0
36.0
20.0
10.0
10.0
10.0
10.0
10.0
10.0
10.0
10.0
10.0
10.0
10.0
10.0
10.0
10.0
10.0
10.0
10.0
10.0
10.0
10.0
10.0
10.0
10.0
10.0
10.0
10.0
10.0
10.0
10.0
10.0
10.0
10.0
10.0
15.0
10.0
10.0
10.0
10.0
10.0
10.0
33.0
10.0
10.0
33.0
15.0
10.0
10.0
15.0
15.0
10.0
10.0
15.0
37.0
15.0
15.0
10.0
15.0
10.0
10.0
19.0
15.0
37.0
19.0
10.0
10.0
15.0
10.0
10.0
10.0
10.0
16.0
19.0
15.0
10.0
15.0
10.0
10.0
15.0
15.0
20.0
36.0
36.0
10.0
10.0
10.0
10.0
10.0
15.0
10.0
10.0
10.0
36.0
10.0
36.0
10.0
16.0
10.0
33.0
