33.0
44.0
23.0
4.0
10.0
16.0
37.0
23.0
37.0
37.0
37.0
20.0
16.0
16.0
20.0
16.0
16.0
20.0
33.0
33.0
16.0
4.0
39.0
39.0
39.0
10.0
10.0
39.0
10.0
10.0
39.0
16.0
20.0
16.0
16.0
16.0
2.0
33.0
16.0
16.0
33.0
16.0
16.0
16.0
16.0
16.0
33.0
16.0
33.0
33.0
16.0
2.0
4.0
33.0
33.0
20.0
2.0
33.0
20.0
16.0
33.0
44.0
33.0
16.0
16.0
16.0
16.0
10.0
33.0
10.0
36.0
23.0
23.0
36.0
16.0
16.0
16.0
19.0
16.0
10.0
16.0
10.0
36.0
16.0
10.0
33.0
10.0
36.0
20.0
39.0
16.0
10.0
10.0
16.0
16.0
10.0
33.0
20.0
16.0
16.0
16.0
20.0
16.0
10.0
16.0
16.0
33.0
39.0
10.0
20.0
33.0
33.0
33.0
20.0
33.0
20.0
20.0
10.0
10.0
19.0
10.0
37.0
10.0
10.0
10.0
10.0
10.0
10.0
10.0
10.0
20.0
10.0
10.0
10.0
10.0
10.0
10.0
10.0
10.0
10.0
10.0
36.0
44.0
16.0
37.0
37.0
36.0
44.0
44.0
10.0
10.0
44.0
33.0
10.0
10.0
4.0
16.0
44.0
33.0
33.0
36.0
33.0
33.0
10.0
33.0
33.0
16.0
10.0
2.0
10.0
16.0
33.0
19.0
23.0
10.0
10.0
10.0
10.0
10.0
10.0
23.0
10.0
10.0
10.0
10.0
10.0
10.0
16.0
16.0
16.0
16.0
23.0
16.0
33.0
16.0
16.0
23.0
33.0
33.0
2.0
36.0
16.0
10.0
10.0
10.0
10.0
10.0
10.0
10.0
10.0
10.0
10.0
10.0
10.0
10.0
10.0
10.0
10.0
10.0
10.0
10.0
10.0
10.0
10.0
10.0
10.0
10.0
10.0
10.0
10.0
10.0
10.0
10.0
10.0
10.0
33.0
10.0
10.0
10.0
10.0
10.0
10.0
16.0
10.0
10.0
33.0
33.0
10.0
10.0
33.0
33.0
10.0
10.0
33.0
37.0
33.0
33.0
10.0
33.0
10.0
10.0
20.0
33.0
36.0
20.0
10.0
10.0
2.0
10.0
10.0
10.0
10.0
16.0
20.0
33.0
10.0
4.0
10.0
10.0
4.0
4.0
44.0
36.0
36.0
10.0
10.0
10.0
10.0
10.0
2.0
10.0
10.0
10.0
44.0
10.0
36.0
10.0
4.0
10.0
4.0
