33.0
44.0
23.0
4.0
10.0
23.0
25.0
23.0
25.0
25.0
23.0
2.0
16.0
16.0
22.0
16.0
16.0
20.0
4.0
4.0
16.0
4.0
19.0
19.0
19.0
10.0
10.0
19.0
38.0
38.0
19.0
4.0
20.0
16.0
16.0
16.0
2.0
4.0
16.0
4.0
4.0
16.0
16.0
16.0
16.0
16.0
33.0
4.0
33.0
33.0
4.0
2.0
8.0
33.0
33.0
2.0
2.0
4.0
20.0
16.0
33.0
44.0
33.0
16.0
16.0
16.0
4.0
10.0
4.0
10.0
23.0
23.0
25.0
23.0
16.0
16.0
16.0
44.0
16.0
38.0
16.0
10.0
23.0
16.0
38.0
4.0
38.0
23.0
19.0
19.0
16.0
38.0
10.0
16.0
4.0
10.0
33.0
22.0
16.0
16.0
16.0
22.0
16.0
38.0
16.0
16.0
33.0
19.0
10.0
2.0
33.0
33.0
33.0
20.0
33.0
20.0
22.0
38.0
10.0
44.0
10.0
25.0
38.0
38.0
38.0
38.0
38.0
38.0
38.0
38.0
22.0
38.0
38.0
38.0
38.0
38.0
38.0
38.0
38.0
38.0
38.0
23.0
44.0
16.0
25.0
10.0
23.0
44.0
44.0
10.0
10.0
44.0
4.0
10.0
10.0
4.0
16.0
44.0
33.0
33.0
23.0
33.0
33.0
38.0
33.0
33.0
16.0
10.0
2.0
10.0
16.0
33.0
8.0
23.0
38.0
10.0
38.0
38.0
38.0
38.0
25.0
38.0
38.0
38.0
10.0
10.0
38.0
16.0
16.0
16.0
16.0
23.0
16.0
4.0
16.0
16.0
23.0
33.0
33.0
2.0
23.0
16.0
38.0
38.0
38.0
38.0
38.0
38.0
38.0
38.0
38.0
38.0
38.0
38.0
38.0
38.0
38.0
38.0
10.0
10.0
38.0
38.0
38.0
38.0
10.0
10.0
10.0
10.0
10.0
38.0
10.0
10.0
38.0
38.0
10.0
33.0
38.0
38.0
38.0
38.0
38.0
38.0
4.0
10.0
10.0
4.0
33.0
10.0
38.0
33.0
33.0
38.0
38.0
33.0
25.0
4.0
4.0
38.0
33.0
10.0
38.0
22.0
33.0
23.0
2.0
10.0
10.0
33.0
10.0
38.0
10.0
10.0
16.0
2.0
33.0
38.0
4.0
38.0
10.0
4.0
4.0
16.0
23.0
23.0
38.0
38.0
38.0
38.0
38.0
33.0
38.0
10.0
38.0
44.0
38.0
23.0
38.0
4.0
10.0
4.0
