33.0
23.0
23.0
4.0
10.0
23.0
43.0
23.0
43.0
43.0
23.0
20.0
16.0
16.0
20.0
16.0
16.0
20.0
4.0
4.0
16.0
4.0
39.0
39.0
39.0
10.0
10.0
39.0
10.0
10.0
39.0
4.0
20.0
16.0
16.0
16.0
2.0
4.0
32.0
32.0
4.0
32.0
16.0
16.0
16.0
16.0
33.0
4.0
33.0
33.0
4.0
33.0
33.0
33.0
33.0
2.0
33.0
33.0
20.0
16.0
33.0
16.0
33.0
16.0
16.0
16.0
4.0
10.0
33.0
10.0
23.0
23.0
23.0
23.0
16.0
16.0
16.0
30.0
16.0
10.0
16.0
10.0
23.0
16.0
10.0
4.0
10.0
23.0
20.0
39.0
16.0
10.0
10.0
16.0
4.0
10.0
33.0
2.0
16.0
16.0
16.0
20.0
16.0
10.0
16.0
16.0
33.0
39.0
10.0
20.0
33.0
33.0
33.0
20.0
33.0
20.0
20.0
10.0
10.0
30.0
10.0
43.0
10.0
10.0
10.0
10.0
10.0
10.0
10.0
10.0
2.0
10.0
10.0
10.0
10.0
10.0
10.0
10.0
10.0
10.0
10.0
23.0
16.0
16.0
43.0
10.0
23.0
16.0
16.0
10.0
10.0
16.0
4.0
10.0
10.0
4.0
16.0
14.0
33.0
33.0
23.0
33.0
33.0
10.0
33.0
33.0
16.0
10.0
33.0
10.0
32.0
33.0
8.0
23.0
10.0
10.0
10.0
10.0
10.0
10.0
23.0
10.0
10.0
10.0
10.0
10.0
10.0
16.0
16.0
16.0
16.0
23.0
16.0
4.0
16.0
16.0
23.0
33.0
33.0
2.0
23.0
16.0
10.0
10.0
10.0
10.0
10.0
10.0
10.0
10.0
10.0
10.0
10.0
10.0
10.0
10.0
10.0
10.0
10.0
10.0
10.0
10.0
10.0
10.0
10.0
10.0
10.0
10.0
10.0
10.0
10.0
10.0
10.0
10.0
10.0
33.0
10.0
10.0
10.0
10.0
10.0
10.0
4.0
10.0
10.0
4.0
33.0
10.0
10.0
33.0
33.0
10.0
10.0
33.0
43.0
33.0
4.0
10.0
33.0
10.0
10.0
2.0
33.0
23.0
20.0
10.0
10.0
33.0
10.0
10.0
10.0
10.0
16.0
2.0
33.0
10.0
4.0
10.0
10.0
4.0
33.0
16.0
23.0
23.0
10.0
10.0
10.0
10.0
10.0
33.0
10.0
10.0
10.0
16.0
10.0
23.0
10.0
4.0
10.0
4.0
