33.0
37.0
23.0
4.0
10.0
23.0
37.0
23.0
37.0
37.0
23.0
20.0
16.0
16.0
20.0
16.0
16.0
20.0
33.0
33.0
16.0
33.0
10.0
8.0
10.0
10.0
10.0
10.0
38.0
10.0
8.0
16.0
20.0
16.0
16.0
16.0
2.0
33.0
16.0
32.0
33.0
32.0
16.0
16.0
16.0
16.0
33.0
4.0
33.0
33.0
16.0
33.0
33.0
33.0
33.0
2.0
33.0
33.0
20.0
16.0
33.0
20.0
33.0
16.0
16.0
16.0
4.0
10.0
33.0
10.0
23.0
23.0
23.0
23.0
16.0
16.0
16.0
44.0
16.0
10.0
16.0
10.0
23.0
16.0
38.0
33.0
10.0
23.0
20.0
10.0
20.0
10.0
10.0
16.0
16.0
10.0
33.0
20.0
16.0
16.0
16.0
20.0
20.0
10.0
16.0
16.0
33.0
20.0
48.0
20.0
33.0
33.0
33.0
20.0
33.0
20.0
20.0
10.0
10.0
44.0
10.0
23.0
38.0
38.0
38.0
38.0
38.0
10.0
38.0
38.0
20.0
38.0
38.0
38.0
38.0
38.0
38.0
10.0
10.0
38.0
38.0
23.0
20.0
16.0
23.0
48.0
23.0
36.0
20.0
10.0
10.0
20.0
33.0
10.0
37.0
32.0
16.0
20.0
33.0
33.0
23.0
33.0
33.0
10.0
33.0
33.0
16.0
48.0
33.0
10.0
32.0
33.0
8.0
23.0
10.0
10.0
10.0
38.0
10.0
38.0
23.0
38.0
38.0
10.0
10.0
10.0
38.0
16.0
16.0
16.0
16.0
23.0
16.0
33.0
16.0
16.0
23.0
33.0
33.0
2.0
23.0
16.0
10.0
38.0
10.0
38.0
10.0
10.0
10.0
10.0
38.0
10.0
10.0
10.0
10.0
10.0
38.0
38.0
10.0
10.0
38.0
38.0
38.0
38.0
10.0
10.0
10.0
10.0
10.0
10.0
10.0
10.0
10.0
10.0
10.0
33.0
10.0
10.0
38.0
10.0
10.0
10.0
33.0
10.0
23.0
33.0
33.0
10.0
10.0
33.0
33.0
10.0
10.0
33.0
23.0
33.0
33.0
10.0
33.0
10.0
10.0
20.0
33.0
23.0
20.0
10.0
10.0
33.0
10.0
38.0
10.0
10.0
16.0
2.0
33.0
38.0
33.0
38.0
10.0
33.0
33.0
20.0
23.0
23.0
38.0
10.0
38.0
10.0
38.0
33.0
10.0
10.0
38.0
36.0
38.0
23.0
38.0
26.0
10.0
33.0
