33.0
36.0
36.0
16.0
10.0
37.0
37.0
36.0
37.0
37.0
37.0
16.0
16.0
16.0
20.0
16.0
16.0
20.0
33.0
33.0
16.0
33.0
39.0
39.0
39.0
10.0
10.0
39.0
10.0
10.0
39.0
33.0
20.0
16.0
16.0
16.0
22.0
33.0
16.0
33.0
33.0
16.0
16.0
16.0
16.0
16.0
33.0
33.0
33.0
33.0
33.0
33.0
26.0
33.0
33.0
20.0
33.0
33.0
20.0
16.0
33.0
36.0
33.0
16.0
16.0
16.0
16.0
10.0
33.0
10.0
36.0
37.0
36.0
36.0
16.0
16.0
16.0
30.0
16.0
10.0
16.0
10.0
36.0
16.0
10.0
33.0
10.0
36.0
20.0
39.0
37.0
10.0
10.0
16.0
16.0
10.0
33.0
20.0
16.0
16.0
16.0
20.0
20.0
10.0
16.0
16.0
33.0
39.0
10.0
20.0
33.0
33.0
33.0
20.0
35.0
20.0
20.0
10.0
10.0
30.0
10.0
37.0
10.0
10.0
10.0
10.0
10.0
10.0
10.0
10.0
20.0
10.0
10.0
10.0
10.0
10.0
10.0
10.0
10.0
10.0
10.0
36.0
36.0
44.0
37.0
37.0
36.0
36.0
36.0
10.0
10.0
36.0
33.0
10.0
10.0
44.0
16.0
36.0
33.0
33.0
36.0
33.0
33.0
10.0
33.0
33.0
16.0
10.0
33.0
10.0
16.0
33.0
30.0
36.0
10.0
10.0
10.0
10.0
10.0
10.0
36.0
10.0
10.0
10.0
10.0
10.0
10.0
16.0
16.0
16.0
16.0
36.0
16.0
33.0
16.0
16.0
37.0
33.0
33.0
22.0
36.0
16.0
10.0
10.0
10.0
10.0
10.0
10.0
10.0
10.0
10.0
10.0
10.0
10.0
10.0
10.0
10.0
10.0
10.0
10.0
10.0
10.0
10.0
10.0
10.0
10.0
10.0
10.0
10.0
10.0
10.0
10.0
10.0
10.0
10.0
33.0
10.0
10.0
10.0
10.0
10.0
10.0
33.0
10.0
10.0
33.0
33.0
10.0
10.0
33.0
33.0
10.0
10.0
33.0
37.0
33.0
33.0
10.0
33.0
10.0
10.0
20.0
33.0
37.0
20.0
10.0
10.0
33.0
10.0
10.0
10.0
10.0
16.0
20.0
33.0
10.0
33.0
10.0
10.0
33.0
33.0
36.0
36.0
36.0
10.0
10.0
10.0
10.0
10.0
33.0
10.0
10.0
10.0
36.0
10.0
36.0
10.0
26.0
10.0
33.0
