33.0
34.0
23.0
16.0
10.0
20.0
37.0
23.0
37.0
37.0
23.0
2.0
34.0
16.0
20.0
16.0
16.0
20.0
33.0
33.0
34.0
33.0
39.0
39.0
39.0
10.0
10.0
39.0
47.0
47.0
39.0
16.0
20.0
34.0
34.0
16.0
2.0
33.0
34.0
4.0
4.0
34.0
34.0
16.0
16.0
16.0
33.0
16.0
33.0
33.0
16.0
33.0
33.0
33.0
33.0
2.0
2.0
33.0
20.0
34.0
33.0
34.0
33.0
16.0
16.0
16.0
16.0
10.0
33.0
10.0
23.0
23.0
23.0
23.0
16.0
16.0
16.0
30.0
16.0
10.0
34.0
10.0
23.0
16.0
47.0
33.0
10.0
23.0
20.0
39.0
34.0
10.0
10.0
16.0
16.0
10.0
33.0
2.0
16.0
16.0
39.0
20.0
34.0
10.0
16.0
19.0
33.0
39.0
25.0
2.0
33.0
33.0
33.0
20.0
33.0
20.0
20.0
10.0
10.0
30.0
10.0
25.0
47.0
47.0
47.0
47.0
47.0
10.0
47.0
47.0
2.0
47.0
47.0
47.0
47.0
47.0
47.0
10.0
47.0
47.0
47.0
23.0
34.0
34.0
25.0
25.0
23.0
34.0
34.0
10.0
10.0
34.0
4.0
10.0
25.0
4.0
34.0
34.0
33.0
33.0
23.0
33.0
33.0
10.0
33.0
33.0
34.0
25.0
33.0
10.0
34.0
33.0
30.0
23.0
10.0
10.0
10.0
47.0
10.0
47.0
23.0
47.0
47.0
10.0
10.0
10.0
47.0
16.0
16.0
16.0
16.0
23.0
16.0
33.0
16.0
16.0
23.0
33.0
33.0
2.0
23.0
34.0
10.0
47.0
10.0
47.0
10.0
10.0
10.0
10.0
47.0
47.0
10.0
10.0
10.0
10.0
47.0
47.0
10.0
10.0
47.0
47.0
47.0
47.0
10.0
10.0
10.0
10.0
10.0
10.0
10.0
10.0
10.0
10.0
10.0
33.0
10.0
10.0
47.0
10.0
10.0
47.0
4.0
10.0
25.0
4.0
33.0
10.0
10.0
33.0
33.0
10.0
10.0
33.0
25.0
33.0
33.0
10.0
33.0
10.0
10.0
2.0
33.0
23.0
2.0
10.0
10.0
33.0
10.0
47.0
10.0
10.0
30.0
2.0
33.0
47.0
33.0
47.0
10.0
33.0
33.0
34.0
23.0
23.0
47.0
10.0
47.0
10.0
47.0
33.0
10.0
10.0
47.0
34.0
47.0
23.0
47.0
33.0
10.0
16.0
