2.0
1.0
23.0
4.0
10.0
23.0
43.0
23.0
43.0
43.0
23.0
2.0
16.0
16.0
39.0
16.0
16.0
39.0
4.0
4.0
16.0
4.0
19.0
19.0
19.0
10.0
10.0
19.0
10.0
10.0
19.0
16.0
39.0
16.0
16.0
16.0
2.0
4.0
16.0
4.0
4.0
16.0
16.0
16.0
16.0
16.0
2.0
16.0
2.0
2.0
16.0
2.0
2.0
2.0
2.0
2.0
2.0
4.0
39.0
16.0
2.0
1.0
2.0
16.0
16.0
16.0
16.0
10.0
4.0
10.0
23.0
23.0
23.0
23.0
16.0
16.0
16.0
30.0
16.0
10.0
16.0
10.0
23.0
16.0
10.0
4.0
10.0
23.0
39.0
19.0
16.0
10.0
10.0
16.0
16.0
10.0
2.0
39.0
16.0
16.0
16.0
39.0
16.0
10.0
16.0
16.0
2.0
19.0
1.0
2.0
2.0
2.0
2.0
39.0
2.0
39.0
39.0
10.0
10.0
30.0
10.0
1.0
10.0
10.0
10.0
10.0
10.0
10.0
10.0
10.0
39.0
10.0
10.0
10.0
10.0
10.0
10.0
10.0
10.0
10.0
10.0
23.0
1.0
16.0
1.0
1.0
23.0
1.0
16.0
10.0
10.0
1.0
4.0
10.0
1.0
4.0
16.0
1.0
2.0
2.0
23.0
2.0
2.0
10.0
2.0
2.0
16.0
1.0
2.0
10.0
16.0
2.0
8.0
23.0
10.0
10.0
10.0
10.0
10.0
10.0
23.0
10.0
10.0
10.0
10.0
10.0
10.0
16.0
16.0
16.0
16.0
23.0
16.0
4.0
16.0
16.0
23.0
2.0
2.0
2.0
23.0
16.0
10.0
10.0
10.0
10.0
10.0
10.0
10.0
10.0
10.0
10.0
10.0
10.0
10.0
10.0
10.0
10.0
10.0
10.0
10.0
10.0
10.0
10.0
10.0
10.0
10.0
10.0
10.0
10.0
10.0
10.0
10.0
10.0
10.0
2.0
10.0
10.0
10.0
10.0
10.0
10.0
4.0
10.0
1.0
4.0
2.0
10.0
10.0
2.0
2.0
10.0
10.0
2.0
1.0
4.0
4.0
10.0
2.0
10.0
10.0
2.0
2.0
23.0
2.0
10.0
10.0
2.0
10.0
10.0
10.0
10.0
16.0
2.0
2.0
10.0
4.0
10.0
10.0
4.0
4.0
25.0
23.0
23.0
10.0
10.0
10.0
10.0
10.0
2.0
10.0
10.0
10.0
1.0
10.0
23.0
10.0
4.0
10.0
4.0
