2.0
25.0
23.0
4.0
10.0
23.0
37.0
23.0
37.0
37.0
23.0
20.0
16.0
16.0
20.0
16.0
16.0
20.0
4.0
4.0
16.0
4.0
22.0
20.0
22.0
10.0
10.0
22.0
10.0
10.0
20.0
4.0
20.0
16.0
16.0
16.0
2.0
4.0
16.0
4.0
4.0
16.0
16.0
16.0
16.0
16.0
2.0
4.0
4.0
2.0
4.0
2.0
2.0
2.0
2.0
20.0
2.0
4.0
20.0
16.0
2.0
25.0
2.0
16.0
16.0
16.0
16.0
10.0
4.0
10.0
23.0
23.0
23.0
23.0
16.0
16.0
16.0
30.0
16.0
10.0
16.0
10.0
23.0
16.0
10.0
4.0
10.0
23.0
20.0
22.0
20.0
10.0
10.0
16.0
4.0
10.0
2.0
20.0
16.0
16.0
30.0
20.0
16.0
10.0
16.0
30.0
2.0
20.0
25.0
20.0
2.0
2.0
2.0
20.0
2.0
20.0
20.0
10.0
10.0
30.0
10.0
25.0
10.0
10.0
10.0
10.0
10.0
10.0
10.0
10.0
20.0
10.0
10.0
10.0
10.0
10.0
10.0
10.0
10.0
10.0
10.0
23.0
16.0
16.0
25.0
25.0
23.0
25.0
16.0
10.0
10.0
16.0
4.0
10.0
25.0
4.0
16.0
25.0
2.0
2.0
23.0
2.0
2.0
10.0
2.0
2.0
16.0
25.0
2.0
10.0
16.0
2.0
8.0
23.0
10.0
10.0
10.0
10.0
10.0
10.0
23.0
10.0
10.0
10.0
10.0
10.0
10.0
16.0
16.0
16.0
16.0
23.0
16.0
4.0
16.0
16.0
23.0
2.0
2.0
2.0
23.0
16.0
10.0
10.0
10.0
10.0
10.0
10.0
10.0
10.0
10.0
10.0
10.0
10.0
10.0
10.0
10.0
10.0
10.0
10.0
10.0
10.0
10.0
10.0
10.0
10.0
10.0
10.0
10.0
10.0
10.0
10.0
10.0
10.0
10.0
4.0
10.0
10.0
10.0
10.0
10.0
10.0
4.0
10.0
25.0
4.0
2.0
10.0
10.0
4.0
4.0
10.0
10.0
4.0
25.0
4.0
4.0
10.0
2.0
10.0
10.0
20.0
2.0
23.0
20.0
10.0
10.0
2.0
10.0
10.0
10.0
10.0
16.0
2.0
4.0
10.0
4.0
10.0
10.0
4.0
4.0
25.0
23.0
23.0
10.0
10.0
10.0
10.0
10.0
2.0
10.0
25.0
10.0
1.0
10.0
23.0
10.0
4.0
10.0
4.0
