33.0
36.0
36.0
4.0
45.0
37.0
43.0
36.0
43.0
43.0
37.0
22.0
20.0
16.0
22.0
16.0
16.0
22.0
4.0
4.0
20.0
4.0
19.0
19.0
19.0
45.0
10.0
19.0
45.0
45.0
19.0
16.0
22.0
20.0
20.0
20.0
2.0
4.0
20.0
4.0
4.0
20.0
20.0
16.0
16.0
16.0
33.0
16.0
33.0
33.0
16.0
33.0
33.0
33.0
33.0
22.0
2.0
4.0
22.0
20.0
33.0
20.0
4.0
16.0
16.0
16.0
16.0
45.0
4.0
45.0
36.0
43.0
43.0
36.0
16.0
16.0
16.0
30.0
16.0
45.0
20.0
45.0
36.0
16.0
45.0
4.0
45.0
36.0
22.0
19.0
20.0
45.0
45.0
16.0
16.0
45.0
33.0
22.0
16.0
16.0
19.0
22.0
20.0
45.0
16.0
16.0
33.0
19.0
10.0
22.0
33.0
33.0
33.0
22.0
33.0
22.0
22.0
45.0
10.0
30.0
10.0
43.0
45.0
45.0
45.0
45.0
45.0
45.0
45.0
45.0
22.0
45.0
45.0
45.0
45.0
45.0
45.0
45.0
45.0
45.0
45.0
36.0
36.0
20.0
43.0
10.0
36.0
36.0
20.0
10.0
10.0
36.0
4.0
45.0
10.0
4.0
20.0
36.0
33.0
33.0
36.0
33.0
33.0
45.0
33.0
33.0
20.0
10.0
33.0
10.0
20.0
33.0
8.0
43.0
45.0
10.0
45.0
45.0
45.0
45.0
36.0
45.0
45.0
45.0
45.0
10.0
45.0
16.0
16.0
16.0
16.0
36.0
16.0
4.0
16.0
16.0
43.0
33.0
33.0
22.0
36.0
20.0
45.0
45.0
45.0
45.0
45.0
45.0
45.0
45.0
45.0
45.0
45.0
45.0
45.0
45.0
45.0
45.0
45.0
45.0
45.0
45.0
45.0
45.0
45.0
45.0
45.0
45.0
10.0
45.0
45.0
45.0
45.0
45.0
45.0
4.0
45.0
45.0
45.0
45.0
45.0
45.0
4.0
45.0
10.0
4.0
33.0
10.0
45.0
4.0
4.0
45.0
45.0
4.0
10.0
4.0
4.0
45.0
4.0
45.0
45.0
22.0
33.0
36.0
22.0
45.0
10.0
2.0
10.0
45.0
45.0
10.0
16.0
22.0
4.0
45.0
4.0
45.0
10.0
4.0
4.0
20.0
36.0
36.0
45.0
45.0
45.0
45.0
45.0
33.0
45.0
10.0
45.0
36.0
45.0
36.0
45.0
4.0
10.0
4.0
