33.0
1.0
23.0
33.0
10.0
23.0
37.0
23.0
37.0
37.0
23.0
2.0
16.0
16.0
2.0
16.0
16.0
2.0
33.0
33.0
16.0
33.0
19.0
19.0
19.0
10.0
10.0
19.0
10.0
10.0
19.0
33.0
2.0
16.0
16.0
16.0
2.0
33.0
16.0
33.0
33.0
16.0
16.0
16.0
16.0
16.0
33.0
33.0
33.0
33.0
33.0
33.0
33.0
33.0
33.0
2.0
2.0
33.0
2.0
16.0
33.0
1.0
33.0
16.0
16.0
16.0
4.0
10.0
33.0
10.0
23.0
23.0
23.0
23.0
16.0
16.0
16.0
30.0
16.0
10.0
16.0
10.0
23.0
16.0
10.0
33.0
10.0
23.0
2.0
19.0
1.0
10.0
10.0
16.0
33.0
10.0
33.0
2.0
16.0
16.0
16.0
2.0
16.0
10.0
16.0
16.0
33.0
2.0
37.0
2.0
33.0
33.0
33.0
2.0
33.0
2.0
2.0
10.0
10.0
30.0
10.0
1.0
10.0
45.0
10.0
10.0
45.0
10.0
10.0
10.0
2.0
10.0
45.0
10.0
45.0
10.0
10.0
10.0
10.0
10.0
10.0
23.0
1.0
1.0
1.0
1.0
23.0
1.0
1.0
10.0
25.0
1.0
33.0
10.0
25.0
4.0
16.0
1.0
33.0
33.0
23.0
33.0
33.0
10.0
33.0
33.0
16.0
1.0
33.0
10.0
16.0
33.0
8.0
23.0
10.0
10.0
10.0
45.0
10.0
10.0
23.0
10.0
10.0
10.0
10.0
10.0
10.0
16.0
16.0
16.0
16.0
23.0
16.0
33.0
16.0
16.0
23.0
33.0
33.0
2.0
23.0
16.0
10.0
10.0
10.0
10.0
10.0
10.0
10.0
10.0
10.0
10.0
10.0
10.0
10.0
10.0
10.0
10.0
10.0
10.0
10.0
10.0
10.0
10.0
10.0
10.0
10.0
10.0
10.0
10.0
10.0
10.0
10.0
10.0
10.0
33.0
10.0
10.0
10.0
10.0
10.0
10.0
33.0
10.0
1.0
33.0
33.0
10.0
10.0
33.0
33.0
10.0
10.0
33.0
1.0
33.0
33.0
10.0
33.0
10.0
10.0
2.0
33.0
23.0
2.0
10.0
10.0
2.0
10.0
10.0
10.0
10.0
16.0
2.0
33.0
45.0
33.0
10.0
10.0
33.0
33.0
1.0
23.0
23.0
10.0
10.0
45.0
10.0
45.0
33.0
10.0
25.0
10.0
1.0
45.0
23.0
45.0
26.0
10.0
16.0
