33.0
20.0
1.0
4.0
10.0
37.0
37.0
1.0
37.0
37.0
1.0
2.0
20.0
16.0
2.0
16.0
16.0
2.0
4.0
4.0
20.0
4.0
19.0
19.0
19.0
10.0
10.0
19.0
10.0
10.0
19.0
16.0
2.0
20.0
20.0
20.0
2.0
4.0
20.0
4.0
4.0
20.0
20.0
16.0
16.0
16.0
33.0
4.0
33.0
33.0
4.0
33.0
33.0
33.0
33.0
2.0
2.0
4.0
2.0
20.0
33.0
25.0
33.0
16.0
16.0
16.0
4.0
10.0
4.0
10.0
1.0
1.0
1.0
1.0
16.0
16.0
16.0
30.0
16.0
10.0
20.0
10.0
1.0
16.0
10.0
4.0
10.0
1.0
2.0
19.0
20.0
10.0
10.0
16.0
16.0
10.0
33.0
2.0
16.0
16.0
16.0
2.0
20.0
10.0
16.0
16.0
33.0
19.0
1.0
2.0
33.0
33.0
33.0
2.0
33.0
2.0
2.0
10.0
10.0
30.0
10.0
1.0
10.0
10.0
10.0
10.0
10.0
10.0
10.0
10.0
2.0
10.0
10.0
10.0
10.0
10.0
10.0
10.0
10.0
10.0
10.0
1.0
25.0
20.0
1.0
1.0
1.0
25.0
25.0
10.0
10.0
25.0
4.0
10.0
1.0
4.0
20.0
20.0
33.0
33.0
1.0
33.0
33.0
10.0
33.0
33.0
20.0
1.0
33.0
10.0
20.0
33.0
30.0
1.0
10.0
10.0
10.0
11.0
10.0
10.0
1.0
10.0
10.0
10.0
10.0
10.0
10.0
16.0
16.0
16.0
20.0
1.0
20.0
4.0
16.0
20.0
1.0
33.0
33.0
2.0
1.0
20.0
10.0
10.0
10.0
10.0
10.0
10.0
10.0
10.0
10.0
10.0
10.0
10.0
10.0
10.0
10.0
10.0
10.0
10.0
10.0
10.0
10.0
10.0
10.0
10.0
10.0
10.0
10.0
10.0
10.0
10.0
10.0
10.0
10.0
4.0
10.0
10.0
10.0
10.0
10.0
10.0
4.0
10.0
1.0
4.0
33.0
10.0
10.0
4.0
4.0
10.0
10.0
4.0
1.0
4.0
4.0
10.0
33.0
10.0
10.0
2.0
33.0
1.0
2.0
10.0
10.0
33.0
10.0
10.0
10.0
10.0
16.0
2.0
33.0
11.0
4.0
10.0
10.0
4.0
4.0
25.0
1.0
1.0
10.0
10.0
10.0
10.0
10.0
33.0
10.0
10.0
10.0
1.0
10.0
1.0
10.0
4.0
10.0
4.0
