33.0
36.0
36.0
4.0
10.0
36.0
37.0
36.0
37.0
37.0
36.0
20.0
16.0
16.0
20.0
16.0
16.0
20.0
4.0
4.0
16.0
4.0
19.0
19.0
19.0
10.0
10.0
19.0
10.0
10.0
19.0
32.0
20.0
16.0
16.0
16.0
7.0
33.0
32.0
32.0
32.0
32.0
32.0
16.0
16.0
16.0
33.0
32.0
33.0
33.0
16.0
33.0
4.0
33.0
33.0
20.0
33.0
33.0
20.0
16.0
33.0
36.0
33.0
16.0
16.0
16.0
16.0
10.0
33.0
10.0
36.0
36.0
36.0
36.0
16.0
16.0
16.0
30.0
16.0
10.0
16.0
10.0
36.0
16.0
10.0
32.0
10.0
36.0
20.0
19.0
36.0
10.0
10.0
16.0
32.0
10.0
33.0
20.0
16.0
16.0
16.0
20.0
36.0
10.0
16.0
16.0
33.0
19.0
10.0
20.0
33.0
33.0
33.0
20.0
33.0
20.0
20.0
10.0
10.0
30.0
10.0
37.0
10.0
10.0
10.0
10.0
10.0
10.0
10.0
10.0
20.0
10.0
10.0
10.0
10.0
10.0
10.0
10.0
10.0
10.0
10.0
36.0
36.0
16.0
37.0
10.0
36.0
36.0
36.0
10.0
10.0
36.0
32.0
10.0
10.0
32.0
16.0
36.0
33.0
33.0
36.0
33.0
33.0
10.0
33.0
33.0
16.0
10.0
33.0
10.0
32.0
33.0
19.0
36.0
10.0
10.0
10.0
10.0
10.0
10.0
36.0
10.0
10.0
10.0
10.0
10.0
10.0
16.0
16.0
16.0
16.0
36.0
16.0
33.0
16.0
16.0
37.0
33.0
33.0
20.0
36.0
16.0
10.0
10.0
10.0
10.0
10.0
10.0
10.0
10.0
10.0
10.0
10.0
10.0
10.0
10.0
10.0
10.0
10.0
10.0
10.0
10.0
10.0
10.0
10.0
10.0
10.0
10.0
10.0
10.0
10.0
10.0
10.0
10.0
10.0
33.0
10.0
10.0
10.0
10.0
10.0
10.0
32.0
10.0
10.0
4.0
33.0
10.0
10.0
33.0
33.0
10.0
10.0
33.0
10.0
33.0
33.0
10.0
33.0
10.0
10.0
20.0
33.0
36.0
20.0
10.0
10.0
33.0
10.0
10.0
10.0
10.0
16.0
20.0
33.0
10.0
4.0
10.0
10.0
4.0
4.0
36.0
36.0
36.0
10.0
10.0
10.0
10.0
10.0
33.0
10.0
10.0
10.0
36.0
10.0
36.0
10.0
4.0
10.0
32.0
