35.0
23.0
23.0
4.0
10.0
23.0
37.0
23.0
37.0
37.0
23.0
2.0
16.0
16.0
2.0
16.0
16.0
10.0
4.0
4.0
16.0
4.0
39.0
39.0
39.0
10.0
10.0
39.0
10.0
10.0
39.0
4.0
2.0
16.0
16.0
16.0
2.0
4.0
16.0
4.0
4.0
16.0
16.0
16.0
16.0
16.0
35.0
4.0
35.0
35.0
4.0
35.0
4.0
35.0
35.0
2.0
35.0
4.0
10.0
16.0
35.0
16.0
35.0
16.0
16.0
16.0
4.0
10.0
4.0
10.0
23.0
23.0
23.0
23.0
16.0
16.0
16.0
30.0
16.0
10.0
16.0
10.0
23.0
16.0
10.0
4.0
10.0
23.0
10.0
39.0
16.0
10.0
10.0
16.0
4.0
10.0
35.0
2.0
16.0
16.0
16.0
2.0
16.0
10.0
16.0
16.0
35.0
39.0
10.0
2.0
35.0
35.0
35.0
2.0
35.0
2.0
2.0
10.0
10.0
30.0
10.0
23.0
10.0
10.0
10.0
10.0
10.0
10.0
10.0
10.0
2.0
10.0
10.0
10.0
10.0
10.0
10.0
10.0
10.0
10.0
10.0
23.0
34.0
16.0
23.0
10.0
23.0
34.0
16.0
10.0
10.0
16.0
4.0
10.0
10.0
4.0
16.0
34.0
35.0
35.0
23.0
35.0
35.0
10.0
35.0
35.0
16.0
10.0
35.0
10.0
16.0
35.0
30.0
23.0
10.0
10.0
10.0
10.0
10.0
10.0
23.0
10.0
10.0
10.0
10.0
10.0
10.0
16.0
16.0
16.0
16.0
23.0
16.0
4.0
16.0
16.0
23.0
35.0
35.0
2.0
23.0
16.0
10.0
10.0
10.0
10.0
10.0
10.0
10.0
10.0
10.0
10.0
10.0
10.0
10.0
10.0
10.0
10.0
10.0
10.0
10.0
10.0
10.0
10.0
10.0
10.0
10.0
10.0
10.0
10.0
10.0
10.0
10.0
10.0
10.0
35.0
10.0
10.0
10.0
10.0
10.0
10.0
4.0
10.0
10.0
4.0
35.0
10.0
10.0
35.0
35.0
10.0
10.0
35.0
23.0
4.0
4.0
10.0
35.0
10.0
10.0
2.0
35.0
23.0
2.0
10.0
10.0
35.0
10.0
10.0
10.0
10.0
16.0
2.0
35.0
10.0
4.0
10.0
10.0
4.0
4.0
16.0
23.0
23.0
10.0
10.0
10.0
10.0
10.0
4.0
10.0
10.0
10.0
34.0
10.0
23.0
10.0
4.0
10.0
4.0
