33.0
36.0
23.0
4.0
45.0
23.0
37.0
23.0
37.0
37.0
23.0
16.0
16.0
16.0
20.0
16.0
16.0
20.0
4.0
33.0
20.0
4.0
39.0
39.0
39.0
45.0
45.0
39.0
45.0
45.0
39.0
4.0
20.0
16.0
16.0
16.0
2.0
33.0
16.0
4.0
33.0
16.0
44.0
16.0
16.0
16.0
33.0
33.0
33.0
33.0
33.0
33.0
33.0
33.0
33.0
20.0
33.0
33.0
20.0
16.0
33.0
36.0
33.0
16.0
16.0
16.0
16.0
45.0
33.0
45.0
23.0
23.0
23.0
23.0
16.0
16.0
16.0
30.0
16.0
45.0
16.0
45.0
23.0
16.0
45.0
33.0
45.0
23.0
20.0
39.0
36.0
45.0
45.0
16.0
16.0
45.0
33.0
20.0
16.0
16.0
16.0
20.0
44.0
45.0
16.0
16.0
33.0
39.0
1.0
20.0
33.0
33.0
33.0
20.0
33.0
20.0
20.0
45.0
45.0
30.0
7.0
1.0
45.0
45.0
45.0
45.0
45.0
45.0
45.0
45.0
20.0
45.0
45.0
45.0
45.0
45.0
45.0
45.0
45.0
45.0
45.0
23.0
36.0
44.0
1.0
1.0
23.0
36.0
36.0
45.0
37.0
36.0
33.0
45.0
1.0
4.0
44.0
36.0
33.0
33.0
23.0
33.0
33.0
45.0
33.0
33.0
20.0
1.0
33.0
7.0
16.0
33.0
8.0
23.0
45.0
37.0
45.0
45.0
45.0
45.0
23.0
45.0
45.0
45.0
45.0
7.0
45.0
16.0
16.0
16.0
16.0
23.0
16.0
33.0
16.0
16.0
23.0
33.0
33.0
2.0
23.0
44.0
45.0
45.0
45.0
45.0
45.0
45.0
45.0
45.0
45.0
45.0
45.0
45.0
45.0
45.0
45.0
45.0
45.0
45.0
45.0
45.0
45.0
45.0
37.0
45.0
45.0
45.0
37.0
45.0
45.0
45.0
45.0
45.0
45.0
33.0
45.0
45.0
45.0
45.0
45.0
45.0
4.0
45.0
1.0
4.0
33.0
7.0
45.0
33.0
33.0
45.0
45.0
33.0
1.0
33.0
33.0
45.0
33.0
45.0
45.0
20.0
33.0
23.0
20.0
45.0
45.0
33.0
45.0
45.0
45.0
7.0
16.0
2.0
33.0
45.0
4.0
45.0
7.0
4.0
33.0
36.0
23.0
23.0
45.0
45.0
45.0
45.0
45.0
33.0
45.0
1.0
45.0
36.0
45.0
23.0
45.0
33.0
7.0
4.0
