33.0
37.0
23.0
4.0
11.0
23.0
37.0
23.0
37.0
37.0
23.0
20.0
16.0
16.0
20.0
16.0
16.0
20.0
4.0
4.0
16.0
4.0
39.0
39.0
39.0
11.0
37.0
39.0
11.0
11.0
39.0
4.0
20.0
16.0
16.0
16.0
7.0
4.0
16.0
4.0
4.0
16.0
16.0
16.0
16.0
16.0
33.0
4.0
33.0
33.0
4.0
33.0
33.0
33.0
33.0
20.0
33.0
4.0
20.0
16.0
33.0
37.0
4.0
16.0
16.0
16.0
16.0
11.0
4.0
11.0
23.0
23.0
23.0
23.0
16.0
16.0
16.0
44.0
16.0
11.0
16.0
37.0
23.0
16.0
11.0
4.0
11.0
23.0
20.0
39.0
16.0
11.0
37.0
16.0
4.0
37.0
33.0
20.0
16.0
16.0
16.0
20.0
16.0
11.0
16.0
16.0
33.0
39.0
37.0
20.0
33.0
33.0
33.0
20.0
33.0
20.0
20.0
11.0
37.0
44.0
37.0
37.0
11.0
11.0
11.0
11.0
11.0
11.0
11.0
11.0
20.0
11.0
11.0
11.0
11.0
11.0
11.0
11.0
11.0
11.0
11.0
23.0
37.0
16.0
37.0
37.0
23.0
37.0
37.0
37.0
37.0
37.0
4.0
37.0
37.0
4.0
16.0
37.0
33.0
33.0
23.0
33.0
33.0
11.0
33.0
33.0
16.0
37.0
33.0
37.0
16.0
33.0
8.0
23.0
11.0
37.0
11.0
11.0
11.0
11.0
23.0
11.0
11.0
11.0
11.0
37.0
11.0
16.0
16.0
16.0
16.0
23.0
16.0
4.0
16.0
16.0
23.0
33.0
33.0
19.0
23.0
16.0
11.0
11.0
11.0
11.0
11.0
11.0
11.0
11.0
11.0
11.0
11.0
11.0
11.0
11.0
11.0
11.0
11.0
11.0
11.0
11.0
11.0
11.0
37.0
11.0
11.0
11.0
37.0
11.0
11.0
11.0
11.0
11.0
11.0
4.0
11.0
11.0
11.0
11.0
11.0
11.0
4.0
11.0
37.0
4.0
33.0
37.0
11.0
4.0
4.0
11.0
11.0
4.0
37.0
4.0
4.0
11.0
4.0
11.0
11.0
20.0
33.0
23.0
20.0
37.0
37.0
33.0
37.0
11.0
11.0
37.0
16.0
20.0
4.0
11.0
4.0
11.0
37.0
4.0
4.0
37.0
23.0
23.0
11.0
11.0
11.0
11.0
11.0
33.0
11.0
37.0
11.0
37.0
11.0
23.0
11.0
4.0
37.0
4.0
