35.0
20.0
36.0
4.0
10.0
23.0
43.0
36.0
43.0
43.0
23.0
20.0
20.0
16.0
20.0
16.0
16.0
20.0
4.0
4.0
20.0
4.0
19.0
19.0
19.0
10.0
10.0
19.0
47.0
47.0
19.0
4.0
20.0
20.0
20.0
20.0
2.0
4.0
20.0
4.0
4.0
20.0
20.0
16.0
16.0
16.0
35.0
4.0
35.0
35.0
4.0
35.0
4.0
35.0
35.0
20.0
2.0
4.0
20.0
20.0
35.0
20.0
35.0
16.0
16.0
16.0
4.0
10.0
4.0
10.0
36.0
36.0
36.0
36.0
16.0
16.0
16.0
30.0
16.0
10.0
20.0
10.0
36.0
16.0
47.0
4.0
10.0
36.0
20.0
19.0
20.0
10.0
10.0
16.0
4.0
10.0
35.0
20.0
16.0
16.0
19.0
20.0
20.0
47.0
16.0
19.0
35.0
39.0
10.0
20.0
35.0
35.0
35.0
20.0
35.0
20.0
20.0
10.0
10.0
30.0
10.0
36.0
47.0
47.0
47.0
47.0
47.0
10.0
47.0
47.0
20.0
47.0
47.0
47.0
47.0
47.0
47.0
10.0
47.0
47.0
47.0
36.0
20.0
20.0
36.0
10.0
36.0
20.0
20.0
10.0
10.0
20.0
4.0
10.0
10.0
4.0
20.0
20.0
35.0
35.0
36.0
35.0
35.0
10.0
35.0
35.0
20.0
10.0
35.0
10.0
20.0
35.0
30.0
36.0
10.0
10.0
10.0
47.0
10.0
47.0
36.0
47.0
47.0
10.0
10.0
10.0
47.0
16.0
16.0
16.0
16.0
36.0
20.0
4.0
16.0
16.0
36.0
35.0
35.0
2.0
36.0
20.0
10.0
47.0
10.0
47.0
10.0
10.0
10.0
10.0
47.0
47.0
10.0
10.0
10.0
10.0
47.0
47.0
10.0
10.0
47.0
47.0
47.0
47.0
10.0
10.0
10.0
10.0
10.0
10.0
10.0
10.0
10.0
10.0
10.0
4.0
10.0
10.0
47.0
10.0
10.0
47.0
4.0
10.0
10.0
4.0
35.0
10.0
10.0
35.0
35.0
10.0
10.0
4.0
10.0
4.0
4.0
10.0
35.0
10.0
10.0
20.0
35.0
36.0
20.0
10.0
10.0
35.0
10.0
47.0
10.0
10.0
30.0
2.0
35.0
47.0
4.0
47.0
10.0
4.0
4.0
20.0
36.0
36.0
47.0
10.0
47.0
10.0
47.0
35.0
10.0
10.0
47.0
20.0
47.0
36.0
47.0
4.0
10.0
4.0
