33.0
36.0
1.0
4.0
10.0
36.0
37.0
1.0
37.0
37.0
36.0
20.0
16.0
16.0
20.0
16.0
16.0
20.0
32.0
32.0
16.0
33.0
19.0
19.0
19.0
10.0
10.0
19.0
10.0
10.0
19.0
32.0
2.0
16.0
16.0
16.0
2.0
32.0
32.0
32.0
32.0
32.0
32.0
16.0
16.0
16.0
33.0
32.0
33.0
33.0
16.0
33.0
33.0
33.0
33.0
2.0
2.0
33.0
20.0
32.0
33.0
34.0
33.0
16.0
16.0
16.0
16.0
10.0
33.0
10.0
36.0
1.0
1.0
1.0
16.0
16.0
16.0
8.0
16.0
10.0
16.0
10.0
1.0
16.0
10.0
32.0
10.0
1.0
20.0
19.0
20.0
10.0
10.0
16.0
32.0
10.0
33.0
2.0
16.0
16.0
19.0
2.0
16.0
10.0
16.0
19.0
33.0
19.0
10.0
20.0
33.0
33.0
33.0
20.0
33.0
20.0
20.0
10.0
10.0
8.0
10.0
37.0
10.0
45.0
10.0
10.0
10.0
10.0
10.0
10.0
2.0
10.0
10.0
10.0
10.0
10.0
10.0
10.0
10.0
10.0
10.0
1.0
32.0
16.0
37.0
10.0
1.0
36.0
32.0
10.0
10.0
36.0
32.0
10.0
10.0
32.0
32.0
34.0
33.0
33.0
1.0
33.0
33.0
10.0
33.0
33.0
16.0
10.0
33.0
10.0
32.0
33.0
8.0
1.0
10.0
10.0
10.0
45.0
10.0
10.0
1.0
10.0
10.0
10.0
10.0
10.0
10.0
16.0
16.0
16.0
16.0
1.0
16.0
32.0
16.0
16.0
37.0
33.0
33.0
2.0
36.0
16.0
10.0
10.0
10.0
10.0
10.0
10.0
10.0
10.0
10.0
10.0
10.0
10.0
10.0
10.0
10.0
10.0
10.0
10.0
10.0
10.0
10.0
10.0
10.0
10.0
10.0
10.0
10.0
10.0
10.0
10.0
10.0
10.0
10.0
33.0
10.0
10.0
10.0
10.0
10.0
10.0
32.0
10.0
10.0
32.0
33.0
10.0
10.0
33.0
33.0
10.0
10.0
33.0
37.0
33.0
33.0
10.0
33.0
10.0
10.0
2.0
33.0
1.0
20.0
10.0
10.0
15.0
10.0
10.0
10.0
10.0
16.0
2.0
33.0
45.0
32.0
10.0
10.0
33.0
33.0
36.0
1.0
36.0
10.0
10.0
10.0
10.0
10.0
33.0
10.0
10.0
10.0
1.0
45.0
36.0
10.0
33.0
10.0
32.0
