33.0
36.0
36.0
4.0
10.0
36.0
37.0
36.0
37.0
37.0
23.0
20.0
16.0
16.0
20.0
16.0
16.0
20.0
33.0
33.0
16.0
33.0
39.0
39.0
39.0
10.0
10.0
39.0
10.0
10.0
39.0
4.0
20.0
16.0
16.0
16.0
33.0
33.0
34.0
33.0
33.0
34.0
34.0
16.0
16.0
16.0
33.0
4.0
33.0
33.0
33.0
33.0
33.0
33.0
33.0
20.0
33.0
33.0
20.0
34.0
33.0
36.0
33.0
16.0
16.0
16.0
16.0
10.0
33.0
10.0
36.0
23.0
36.0
36.0
16.0
16.0
16.0
30.0
16.0
10.0
16.0
10.0
36.0
16.0
10.0
33.0
10.0
36.0
20.0
39.0
34.0
10.0
10.0
16.0
16.0
10.0
33.0
20.0
16.0
16.0
16.0
20.0
34.0
10.0
16.0
16.0
33.0
39.0
10.0
20.0
33.0
33.0
33.0
20.0
33.0
20.0
20.0
10.0
10.0
30.0
10.0
37.0
10.0
10.0
10.0
10.0
10.0
10.0
10.0
10.0
20.0
10.0
10.0
10.0
10.0
10.0
10.0
10.0
10.0
10.0
10.0
36.0
36.0
34.0
37.0
37.0
36.0
36.0
36.0
10.0
10.0
36.0
33.0
10.0
10.0
4.0
34.0
36.0
33.0
33.0
36.0
33.0
33.0
10.0
33.0
33.0
34.0
10.0
33.0
10.0
34.0
33.0
8.0
48.0
10.0
10.0
10.0
10.0
10.0
10.0
48.0
10.0
10.0
10.0
10.0
10.0
10.0
16.0
16.0
16.0
16.0
23.0
16.0
33.0
16.0
16.0
23.0
33.0
33.0
20.0
36.0
34.0
10.0
10.0
10.0
10.0
10.0
10.0
10.0
10.0
10.0
10.0
10.0
10.0
10.0
10.0
10.0
10.0
10.0
10.0
10.0
10.0
10.0
10.0
10.0
10.0
10.0
10.0
10.0
10.0
10.0
10.0
10.0
10.0
10.0
33.0
10.0
10.0
10.0
10.0
10.0
10.0
33.0
10.0
10.0
33.0
33.0
10.0
10.0
33.0
33.0
10.0
10.0
33.0
10.0
33.0
33.0
10.0
33.0
10.0
10.0
20.0
33.0
36.0
20.0
10.0
10.0
33.0
10.0
10.0
10.0
10.0
16.0
20.0
33.0
10.0
33.0
10.0
10.0
33.0
33.0
36.0
36.0
36.0
10.0
10.0
10.0
10.0
10.0
33.0
10.0
10.0
10.0
36.0
10.0
36.0
10.0
33.0
10.0
4.0
