4.0
36.0
36.0
4.0
38.0
36.0
37.0
36.0
37.0
37.0
36.0
22.0
16.0
16.0
22.0
16.0
16.0
20.0
4.0
4.0
16.0
4.0
19.0
19.0
19.0
38.0
10.0
19.0
38.0
38.0
19.0
16.0
20.0
16.0
16.0
16.0
22.0
4.0
16.0
32.0
4.0
16.0
16.0
16.0
16.0
16.0
4.0
4.0
4.0
4.0
4.0
4.0
26.0
4.0
4.0
22.0
4.0
4.0
20.0
16.0
4.0
44.0
4.0
16.0
16.0
16.0
16.0
38.0
4.0
38.0
36.0
36.0
36.0
36.0
16.0
16.0
16.0
44.0
16.0
38.0
16.0
38.0
36.0
16.0
38.0
4.0
38.0
36.0
20.0
19.0
16.0
38.0
38.0
16.0
16.0
38.0
4.0
22.0
16.0
16.0
19.0
22.0
16.0
38.0
16.0
16.0
4.0
19.0
37.0
22.0
4.0
4.0
4.0
20.0
4.0
20.0
22.0
38.0
10.0
44.0
10.0
37.0
38.0
38.0
38.0
38.0
38.0
38.0
38.0
38.0
22.0
38.0
38.0
38.0
38.0
38.0
38.0
38.0
38.0
38.0
38.0
36.0
44.0
16.0
37.0
37.0
36.0
36.0
44.0
10.0
37.0
44.0
4.0
38.0
37.0
32.0
16.0
36.0
4.0
4.0
36.0
4.0
4.0
38.0
4.0
4.0
16.0
37.0
4.0
10.0
16.0
4.0
8.0
36.0
38.0
10.0
38.0
38.0
38.0
38.0
36.0
38.0
38.0
38.0
38.0
10.0
38.0
16.0
16.0
16.0
16.0
36.0
16.0
4.0
16.0
16.0
37.0
4.0
4.0
22.0
36.0
16.0
38.0
38.0
38.0
38.0
38.0
38.0
38.0
38.0
38.0
38.0
38.0
38.0
38.0
38.0
38.0
38.0
38.0
38.0
38.0
38.0
38.0
38.0
38.0
38.0
38.0
38.0
10.0
38.0
38.0
38.0
38.0
38.0
38.0
4.0
38.0
38.0
38.0
38.0
38.0
38.0
4.0
38.0
37.0
4.0
4.0
10.0
38.0
4.0
4.0
38.0
38.0
4.0
37.0
4.0
4.0
38.0
4.0
38.0
38.0
22.0
4.0
36.0
22.0
38.0
10.0
4.0
10.0
38.0
38.0
10.0
16.0
22.0
4.0
38.0
4.0
38.0
10.0
4.0
4.0
36.0
36.0
36.0
38.0
38.0
38.0
38.0
38.0
4.0
38.0
10.0
38.0
36.0
38.0
36.0
38.0
26.0
10.0
4.0
