33.0
36.0
36.0
4.0
10.0
36.0
37.0
36.0
37.0
37.0
36.0
20.0
16.0
16.0
20.0
16.0
16.0
20.0
4.0
4.0
16.0
4.0
19.0
19.0
19.0
10.0
10.0
19.0
38.0
38.0
19.0
16.0
20.0
16.0
16.0
16.0
2.0
4.0
16.0
4.0
4.0
16.0
16.0
16.0
16.0
16.0
33.0
16.0
33.0
33.0
4.0
33.0
4.0
33.0
33.0
20.0
33.0
4.0
20.0
16.0
33.0
36.0
33.0
16.0
16.0
16.0
16.0
38.0
4.0
10.0
36.0
36.0
36.0
36.0
16.0
16.0
16.0
30.0
16.0
38.0
20.0
10.0
36.0
16.0
38.0
4.0
38.0
36.0
20.0
19.0
20.0
38.0
10.0
16.0
16.0
10.0
33.0
20.0
16.0
16.0
16.0
20.0
36.0
38.0
16.0
16.0
33.0
19.0
10.0
20.0
33.0
33.0
33.0
20.0
33.0
20.0
20.0
38.0
10.0
30.0
10.0
37.0
38.0
38.0
38.0
38.0
38.0
38.0
38.0
38.0
20.0
38.0
38.0
38.0
38.0
38.0
38.0
38.0
38.0
38.0
38.0
36.0
36.0
36.0
37.0
37.0
36.0
36.0
36.0
10.0
10.0
36.0
4.0
10.0
10.0
4.0
16.0
36.0
33.0
33.0
36.0
33.0
33.0
38.0
33.0
33.0
16.0
10.0
33.0
10.0
16.0
33.0
30.0
36.0
38.0
10.0
38.0
38.0
38.0
38.0
36.0
38.0
38.0
38.0
10.0
10.0
38.0
16.0
16.0
16.0
16.0
36.0
16.0
4.0
16.0
16.0
37.0
33.0
33.0
20.0
36.0
36.0
38.0
38.0
38.0
38.0
38.0
38.0
38.0
38.0
38.0
38.0
38.0
38.0
38.0
38.0
38.0
38.0
10.0
10.0
38.0
38.0
38.0
38.0
10.0
10.0
38.0
10.0
10.0
38.0
10.0
38.0
38.0
38.0
10.0
33.0
38.0
38.0
38.0
38.0
38.0
38.0
4.0
10.0
10.0
4.0
33.0
10.0
38.0
33.0
33.0
38.0
38.0
33.0
37.0
4.0
4.0
38.0
33.0
10.0
38.0
20.0
33.0
36.0
20.0
38.0
10.0
33.0
10.0
38.0
10.0
10.0
16.0
20.0
33.0
38.0
4.0
38.0
10.0
4.0
4.0
36.0
36.0
36.0
38.0
38.0
38.0
38.0
38.0
33.0
38.0
10.0
38.0
36.0
38.0
36.0
38.0
4.0
10.0
4.0
