33.0
36.0
36.0
4.0
10.0
36.0
37.0
36.0
37.0
37.0
36.0
20.0
16.0
16.0
20.0
16.0
16.0
20.0
4.0
4.0
16.0
4.0
39.0
20.0
39.0
10.0
10.0
39.0
10.0
10.0
20.0
4.0
20.0
16.0
16.0
16.0
33.0
4.0
16.0
4.0
4.0
16.0
16.0
16.0
16.0
16.0
33.0
4.0
33.0
33.0
4.0
33.0
33.0
33.0
33.0
20.0
33.0
33.0
20.0
16.0
33.0
36.0
33.0
16.0
16.0
16.0
16.0
10.0
33.0
10.0
36.0
36.0
36.0
36.0
16.0
16.0
16.0
30.0
16.0
10.0
16.0
10.0
36.0
16.0
10.0
4.0
10.0
36.0
20.0
39.0
16.0
10.0
10.0
16.0
4.0
10.0
33.0
20.0
16.0
16.0
16.0
20.0
16.0
10.0
16.0
16.0
33.0
20.0
37.0
20.0
33.0
33.0
33.0
20.0
33.0
20.0
20.0
10.0
10.0
30.0
10.0
37.0
10.0
10.0
10.0
10.0
10.0
10.0
10.0
10.0
20.0
10.0
10.0
10.0
10.0
10.0
10.0
10.0
10.0
10.0
10.0
36.0
36.0
16.0
25.0
37.0
36.0
36.0
36.0
10.0
10.0
36.0
4.0
10.0
37.0
4.0
16.0
36.0
33.0
33.0
36.0
33.0
33.0
10.0
33.0
33.0
16.0
10.0
33.0
10.0
16.0
33.0
8.0
36.0
10.0
10.0
10.0
10.0
10.0
10.0
36.0
10.0
10.0
10.0
10.0
10.0
10.0
16.0
16.0
16.0
16.0
36.0
16.0
4.0
16.0
16.0
25.0
33.0
33.0
19.0
36.0
16.0
10.0
10.0
10.0
10.0
10.0
10.0
10.0
10.0
10.0
10.0
10.0
10.0
10.0
10.0
10.0
10.0
10.0
10.0
10.0
10.0
10.0
10.0
10.0
10.0
10.0
10.0
10.0
10.0
10.0
10.0
10.0
10.0
10.0
33.0
10.0
10.0
10.0
10.0
10.0
10.0
4.0
10.0
37.0
4.0
33.0
10.0
10.0
33.0
33.0
10.0
10.0
33.0
37.0
33.0
33.0
10.0
33.0
10.0
10.0
20.0
33.0
36.0
20.0
10.0
10.0
33.0
10.0
10.0
10.0
10.0
16.0
20.0
33.0
10.0
4.0
10.0
10.0
4.0
33.0
36.0
36.0
36.0
10.0
10.0
10.0
10.0
10.0
33.0
10.0
10.0
10.0
36.0
10.0
36.0
10.0
4.0
10.0
4.0
