15.0
36.0
23.0
4.0
10.0
23.0
25.0
23.0
8.0
8.0
23.0
2.0
20.0
16.0
19.0
16.0
16.0
19.0
4.0
4.0
20.0
4.0
19.0
19.0
19.0
10.0
10.0
19.0
38.0
38.0
19.0
4.0
2.0
20.0
20.0
20.0
2.0
4.0
34.0
4.0
4.0
34.0
34.0
16.0
16.0
16.0
15.0
4.0
15.0
15.0
4.0
15.0
4.0
15.0
15.0
2.0
15.0
4.0
2.0
20.0
15.0
34.0
15.0
20.0
16.0
20.0
4.0
38.0
4.0
10.0
23.0
23.0
23.0
23.0
16.0
16.0
16.0
44.0
16.0
38.0
20.0
10.0
23.0
20.0
38.0
4.0
38.0
23.0
2.0
19.0
34.0
38.0
10.0
16.0
4.0
10.0
15.0
2.0
16.0
16.0
16.0
2.0
34.0
38.0
16.0
16.0
15.0
19.0
25.0
2.0
15.0
15.0
15.0
2.0
15.0
2.0
2.0
38.0
10.0
44.0
10.0
25.0
38.0
38.0
38.0
38.0
38.0
38.0
38.0
38.0
2.0
38.0
38.0
38.0
38.0
38.0
38.0
38.0
38.0
38.0
38.0
23.0
34.0
34.0
23.0
25.0
23.0
34.0
34.0
10.0
10.0
34.0
4.0
10.0
25.0
4.0
34.0
36.0
15.0
15.0
23.0
15.0
15.0
38.0
15.0
15.0
20.0
25.0
15.0
10.0
20.0
15.0
8.0
23.0
38.0
10.0
38.0
38.0
38.0
38.0
23.0
38.0
38.0
38.0
10.0
10.0
38.0
20.0
20.0
20.0
20.0
23.0
20.0
4.0
16.0
20.0
23.0
15.0
15.0
2.0
23.0
34.0
38.0
38.0
38.0
38.0
38.0
38.0
38.0
38.0
38.0
38.0
38.0
38.0
38.0
38.0
38.0
38.0
10.0
10.0
38.0
38.0
38.0
38.0
10.0
10.0
38.0
10.0
10.0
38.0
10.0
38.0
38.0
38.0
10.0
15.0
38.0
38.0
38.0
38.0
38.0
38.0
4.0
10.0
25.0
4.0
15.0
10.0
38.0
15.0
15.0
38.0
38.0
15.0
25.0
4.0
4.0
38.0
15.0
10.0
38.0
2.0
15.0
23.0
19.0
38.0
10.0
15.0
10.0
38.0
10.0
10.0
16.0
2.0
15.0
38.0
4.0
38.0
10.0
4.0
4.0
36.0
23.0
23.0
38.0
38.0
38.0
38.0
38.0
15.0
38.0
25.0
38.0
36.0
38.0
23.0
38.0
4.0
10.0
4.0
