35.0
20.0
23.0
4.0
10.0
20.0
37.0
23.0
37.0
37.0
23.0
16.0
20.0
16.0
20.0
16.0
16.0
20.0
4.0
4.0
20.0
4.0
39.0
39.0
39.0
10.0
10.0
39.0
10.0
10.0
39.0
4.0
20.0
16.0
16.0
16.0
33.0
4.0
20.0
4.0
4.0
20.0
20.0
16.0
16.0
16.0
35.0
4.0
35.0
35.0
4.0
33.0
4.0
35.0
35.0
20.0
33.0
4.0
20.0
20.0
35.0
20.0
35.0
16.0
16.0
16.0
16.0
10.0
4.0
10.0
23.0
23.0
23.0
23.0
16.0
16.0
16.0
30.0
16.0
10.0
20.0
10.0
23.0
16.0
10.0
4.0
10.0
23.0
20.0
39.0
20.0
10.0
10.0
16.0
4.0
10.0
35.0
20.0
16.0
16.0
16.0
20.0
20.0
10.0
16.0
16.0
35.0
39.0
10.0
20.0
35.0
35.0
35.0
20.0
35.0
20.0
20.0
10.0
10.0
30.0
10.0
10.0
10.0
10.0
10.0
10.0
10.0
10.0
10.0
10.0
20.0
10.0
10.0
10.0
10.0
10.0
10.0
10.0
10.0
10.0
10.0
23.0
20.0
20.0
23.0
10.0
23.0
20.0
20.0
10.0
10.0
20.0
4.0
10.0
10.0
4.0
20.0
20.0
35.0
33.0
23.0
35.0
35.0
10.0
35.0
35.0
20.0
10.0
33.0
10.0
20.0
35.0
8.0
23.0
10.0
10.0
10.0
10.0
10.0
10.0
23.0
10.0
10.0
10.0
10.0
10.0
10.0
16.0
16.0
16.0
16.0
23.0
16.0
4.0
16.0
16.0
23.0
35.0
35.0
33.0
23.0
20.0
10.0
10.0
10.0
10.0
10.0
10.0
10.0
10.0
10.0
10.0
10.0
10.0
10.0
10.0
10.0
10.0
10.0
10.0
10.0
10.0
10.0
10.0
10.0
10.0
10.0
10.0
10.0
10.0
10.0
10.0
10.0
10.0
10.0
35.0
10.0
10.0
10.0
10.0
10.0
10.0
4.0
10.0
10.0
4.0
35.0
10.0
10.0
35.0
35.0
10.0
10.0
35.0
10.0
4.0
4.0
10.0
35.0
10.0
10.0
20.0
35.0
23.0
20.0
10.0
10.0
33.0
10.0
10.0
10.0
10.0
16.0
20.0
35.0
10.0
4.0
10.0
10.0
4.0
4.0
20.0
23.0
23.0
10.0
10.0
10.0
10.0
10.0
33.0
10.0
10.0
10.0
20.0
10.0
23.0
10.0
26.0
10.0
4.0
