3.0
36.0
36.0
4.0
38.0
37.0
37.0
36.0
37.0
37.0
37.0
20.0
16.0
16.0
20.0
16.0
16.0
20.0
4.0
4.0
16.0
4.0
19.0
19.0
19.0
10.0
37.0
19.0
38.0
38.0
19.0
4.0
20.0
16.0
16.0
16.0
2.0
4.0
16.0
32.0
32.0
16.0
16.0
16.0
16.0
16.0
3.0
4.0
3.0
3.0
4.0
3.0
4.0
3.0
3.0
20.0
3.0
4.0
20.0
16.0
3.0
16.0
3.0
16.0
16.0
16.0
4.0
38.0
4.0
38.0
36.0
36.0
36.0
36.0
16.0
16.0
16.0
30.0
16.0
38.0
16.0
37.0
36.0
16.0
38.0
4.0
38.0
36.0
20.0
19.0
16.0
38.0
38.0
16.0
4.0
38.0
3.0
20.0
16.0
16.0
16.0
20.0
16.0
38.0
16.0
16.0
3.0
19.0
37.0
20.0
3.0
3.0
3.0
20.0
3.0
20.0
20.0
38.0
37.0
30.0
37.0
37.0
38.0
38.0
38.0
38.0
38.0
38.0
38.0
38.0
20.0
38.0
38.0
38.0
38.0
38.0
38.0
38.0
38.0
38.0
38.0
36.0
16.0
16.0
37.0
37.0
36.0
16.0
16.0
37.0
37.0
16.0
4.0
38.0
37.0
4.0
16.0
16.0
3.0
3.0
36.0
3.0
3.0
38.0
3.0
3.0
16.0
37.0
3.0
37.0
16.0
3.0
8.0
36.0
38.0
37.0
38.0
38.0
38.0
38.0
36.0
38.0
38.0
38.0
38.0
37.0
38.0
16.0
16.0
16.0
16.0
36.0
16.0
4.0
16.0
16.0
37.0
3.0
3.0
2.0
36.0
16.0
38.0
38.0
38.0
38.0
38.0
38.0
38.0
38.0
38.0
38.0
38.0
38.0
38.0
38.0
38.0
38.0
38.0
38.0
38.0
38.0
38.0
38.0
37.0
38.0
38.0
38.0
37.0
38.0
38.0
38.0
38.0
38.0
38.0
3.0
38.0
38.0
38.0
38.0
38.0
38.0
4.0
38.0
37.0
4.0
3.0
37.0
38.0
3.0
3.0
38.0
38.0
3.0
37.0
4.0
4.0
38.0
3.0
38.0
38.0
20.0
3.0
36.0
20.0
38.0
37.0
3.0
37.0
38.0
38.0
37.0
16.0
2.0
3.0
38.0
4.0
38.0
37.0
4.0
4.0
16.0
36.0
36.0
38.0
38.0
38.0
38.0
38.0
3.0
38.0
37.0
38.0
36.0
38.0
36.0
38.0
4.0
37.0
4.0
