2.0
37.0
23.0
16.0
11.0
37.0
25.0
23.0
43.0
43.0
23.0
20.0
20.0
16.0
20.0
16.0
16.0
20.0
33.0
33.0
20.0
33.0
19.0
19.0
19.0
10.0
10.0
19.0
47.0
47.0
19.0
32.0
20.0
20.0
20.0
20.0
2.0
33.0
20.0
32.0
32.0
32.0
20.0
16.0
16.0
16.0
2.0
32.0
2.0
2.0
16.0
2.0
33.0
2.0
2.0
20.0
2.0
33.0
20.0
20.0
2.0
37.0
2.0
16.0
16.0
16.0
32.0
11.0
33.0
10.0
23.0
25.0
25.0
25.0
16.0
16.0
16.0
30.0
16.0
11.0
20.0
10.0
23.0
16.0
47.0
32.0
11.0
23.0
20.0
19.0
37.0
11.0
10.0
16.0
32.0
11.0
2.0
20.0
16.0
16.0
16.0
20.0
20.0
47.0
16.0
16.0
2.0
19.0
10.0
20.0
2.0
2.0
2.0
20.0
2.0
20.0
20.0
11.0
10.0
30.0
10.0
25.0
47.0
47.0
47.0
47.0
47.0
11.0
47.0
47.0
20.0
47.0
47.0
47.0
47.0
47.0
47.0
11.0
47.0
47.0
47.0
23.0
37.0
20.0
25.0
10.0
25.0
37.0
37.0
10.0
10.0
37.0
32.0
10.0
10.0
32.0
20.0
37.0
2.0
2.0
23.0
2.0
2.0
11.0
2.0
2.0
20.0
10.0
2.0
10.0
32.0
2.0
8.0
25.0
11.0
10.0
11.0
47.0
11.0
47.0
25.0
47.0
47.0
11.0
10.0
10.0
47.0
20.0
20.0
16.0
20.0
23.0
20.0
32.0
16.0
16.0
25.0
2.0
2.0
2.0
23.0
20.0
11.0
47.0
47.0
47.0
11.0
11.0
11.0
11.0
47.0
47.0
11.0
11.0
11.0
11.0
47.0
47.0
10.0
11.0
47.0
47.0
47.0
47.0
10.0
10.0
11.0
10.0
10.0
11.0
10.0
11.0
11.0
11.0
10.0
33.0
11.0
11.0
47.0
11.0
11.0
47.0
32.0
10.0
10.0
32.0
2.0
10.0
11.0
33.0
33.0
11.0
11.0
33.0
10.0
33.0
33.0
11.0
2.0
10.0
11.0
20.0
2.0
25.0
20.0
11.0
10.0
2.0
10.0
47.0
10.0
10.0
30.0
20.0
2.0
47.0
33.0
47.0
10.0
33.0
33.0
37.0
23.0
23.0
47.0
11.0
47.0
11.0
47.0
2.0
11.0
10.0
47.0
37.0
47.0
23.0
47.0
26.0
10.0
32.0
