2.0
20.0
36.0
4.0
10.0
20.0
37.0
36.0
37.0
37.0
37.0
2.0
20.0
16.0
39.0
16.0
16.0
39.0
4.0
4.0
20.0
4.0
39.0
39.0
39.0
10.0
10.0
39.0
11.0
10.0
39.0
4.0
39.0
16.0
16.0
16.0
2.0
4.0
20.0
4.0
4.0
20.0
20.0
16.0
16.0
16.0
2.0
4.0
2.0
2.0
4.0
2.0
33.0
2.0
2.0
39.0
2.0
4.0
39.0
16.0
2.0
20.0
2.0
16.0
16.0
16.0
16.0
10.0
4.0
10.0
36.0
37.0
37.0
36.0
16.0
16.0
16.0
30.0
16.0
10.0
20.0
10.0
36.0
16.0
11.0
4.0
10.0
36.0
39.0
39.0
20.0
10.0
10.0
16.0
4.0
10.0
2.0
39.0
16.0
16.0
39.0
39.0
20.0
10.0
16.0
39.0
2.0
39.0
10.0
2.0
2.0
2.0
2.0
39.0
2.0
39.0
39.0
10.0
10.0
30.0
10.0
37.0
11.0
11.0
11.0
10.0
11.0
10.0
11.0
11.0
39.0
10.0
11.0
11.0
11.0
11.0
11.0
10.0
10.0
11.0
10.0
36.0
20.0
20.0
37.0
37.0
36.0
20.0
20.0
10.0
10.0
20.0
4.0
10.0
10.0
4.0
20.0
20.0
2.0
2.0
36.0
2.0
2.0
10.0
2.0
2.0
20.0
10.0
2.0
10.0
16.0
2.0
8.0
37.0
10.0
10.0
10.0
11.0
10.0
11.0
37.0
10.0
10.0
10.0
10.0
10.0
11.0
16.0
16.0
16.0
16.0
37.0
16.0
4.0
16.0
16.0
37.0
2.0
2.0
2.0
36.0
20.0
10.0
10.0
10.0
10.0
10.0
10.0
10.0
10.0
11.0
10.0
10.0
10.0
10.0
10.0
11.0
11.0
10.0
10.0
11.0
11.0
11.0
11.0
10.0
10.0
10.0
10.0
10.0
10.0
10.0
10.0
10.0
10.0
10.0
4.0
10.0
10.0
11.0
10.0
10.0
10.0
4.0
10.0
10.0
4.0
2.0
10.0
10.0
4.0
4.0
10.0
10.0
4.0
37.0
4.0
4.0
10.0
2.0
10.0
10.0
39.0
2.0
36.0
2.0
10.0
10.0
2.0
10.0
10.0
10.0
10.0
16.0
2.0
4.0
11.0
4.0
11.0
10.0
4.0
4.0
20.0
36.0
36.0
11.0
10.0
11.0
10.0
11.0
2.0
10.0
10.0
11.0
20.0
11.0
36.0
11.0
4.0
10.0
4.0
