33.0
37.0
23.0
4.0
11.0
23.0
43.0
23.0
43.0
43.0
23.0
19.0
16.0
16.0
19.0
16.0
16.0
19.0
33.0
33.0
20.0
33.0
39.0
39.0
39.0
11.0
10.0
39.0
11.0
11.0
39.0
4.0
19.0
16.0
16.0
16.0
33.0
33.0
20.0
4.0
33.0
20.0
16.0
16.0
16.0
16.0
33.0
16.0
33.0
33.0
16.0
33.0
33.0
33.0
33.0
19.0
33.0
33.0
19.0
16.0
33.0
20.0
33.0
4.0
16.0
16.0
4.0
11.0
33.0
11.0
23.0
23.0
23.0
23.0
16.0
16.0
16.0
16.0
16.0
11.0
20.0
11.0
23.0
16.0
11.0
33.0
11.0
23.0
39.0
39.0
34.0
11.0
11.0
16.0
16.0
11.0
33.0
19.0
16.0
16.0
16.0
19.0
20.0
11.0
16.0
16.0
33.0
39.0
43.0
19.0
33.0
33.0
33.0
19.0
33.0
19.0
19.0
11.0
11.0
34.0
10.0
43.0
11.0
11.0
11.0
11.0
11.0
11.0
11.0
11.0
19.0
11.0
11.0
11.0
11.0
11.0
11.0
11.0
11.0
11.0
11.0
23.0
34.0
34.0
43.0
43.0
36.0
34.0
20.0
11.0
43.0
20.0
33.0
11.0
43.0
4.0
20.0
34.0
33.0
33.0
36.0
33.0
33.0
11.0
33.0
33.0
20.0
43.0
33.0
10.0
20.0
33.0
8.0
23.0
11.0
10.0
11.0
11.0
11.0
11.0
23.0
11.0
11.0
11.0
11.0
10.0
11.0
16.0
16.0
16.0
16.0
23.0
20.0
33.0
20.0
20.0
23.0
33.0
33.0
19.0
23.0
16.0
11.0
11.0
11.0
11.0
11.0
11.0
11.0
11.0
11.0
11.0
11.0
11.0
11.0
11.0
11.0
11.0
11.0
11.0
11.0
11.0
11.0
11.0
11.0
11.0
11.0
11.0
10.0
11.0
11.0
11.0
11.0
11.0
11.0
33.0
11.0
11.0
11.0
11.0
11.0
11.0
4.0
11.0
43.0
4.0
33.0
10.0
11.0
33.0
33.0
11.0
11.0
33.0
43.0
33.0
33.0
11.0
33.0
11.0
11.0
19.0
33.0
23.0
19.0
11.0
11.0
33.0
10.0
11.0
11.0
10.0
16.0
19.0
33.0
11.0
33.0
11.0
10.0
33.0
33.0
20.0
23.0
23.0
11.0
11.0
11.0
11.0
11.0
33.0
11.0
10.0
11.0
36.0
11.0
23.0
11.0
33.0
10.0
4.0
