33.0
34.0
23.0
4.0
38.0
23.0
48.0
23.0
43.0
43.0
23.0
2.0
34.0
16.0
20.0
16.0
16.0
20.0
4.0
4.0
34.0
4.0
39.0
19.0
39.0
10.0
10.0
39.0
38.0
38.0
39.0
4.0
20.0
34.0
16.0
4.0
2.0
4.0
34.0
4.0
4.0
34.0
34.0
16.0
16.0
16.0
33.0
4.0
4.0
33.0
4.0
33.0
33.0
33.0
33.0
2.0
33.0
4.0
20.0
16.0
33.0
34.0
4.0
16.0
16.0
16.0
4.0
38.0
4.0
10.0
23.0
23.0
23.0
23.0
16.0
16.0
16.0
30.0
16.0
38.0
34.0
10.0
23.0
16.0
38.0
4.0
38.0
23.0
20.0
39.0
34.0
38.0
10.0
16.0
4.0
38.0
33.0
2.0
16.0
16.0
19.0
2.0
34.0
38.0
16.0
19.0
33.0
19.0
48.0
20.0
33.0
33.0
33.0
20.0
33.0
20.0
20.0
38.0
10.0
30.0
10.0
48.0
38.0
38.0
38.0
38.0
38.0
38.0
38.0
38.0
2.0
38.0
38.0
38.0
38.0
38.0
38.0
38.0
38.0
38.0
38.0
23.0
34.0
34.0
48.0
48.0
23.0
34.0
34.0
10.0
10.0
34.0
4.0
10.0
10.0
4.0
34.0
34.0
33.0
33.0
23.0
33.0
33.0
38.0
33.0
33.0
34.0
48.0
33.0
10.0
34.0
4.0
30.0
23.0
38.0
10.0
38.0
38.0
38.0
38.0
23.0
38.0
38.0
38.0
10.0
10.0
38.0
16.0
16.0
16.0
16.0
23.0
16.0
4.0
16.0
16.0
23.0
33.0
33.0
2.0
23.0
34.0
38.0
38.0
38.0
38.0
38.0
38.0
38.0
38.0
38.0
38.0
38.0
38.0
38.0
38.0
38.0
38.0
10.0
38.0
38.0
38.0
38.0
38.0
10.0
10.0
38.0
10.0
10.0
38.0
10.0
38.0
38.0
38.0
38.0
4.0
38.0
38.0
38.0
38.0
38.0
38.0
4.0
10.0
48.0
4.0
33.0
10.0
38.0
4.0
4.0
38.0
38.0
4.0
48.0
4.0
4.0
38.0
4.0
10.0
38.0
2.0
33.0
23.0
2.0
38.0
10.0
33.0
10.0
38.0
38.0
10.0
30.0
2.0
4.0
38.0
4.0
38.0
10.0
4.0
4.0
34.0
23.0
23.0
38.0
38.0
38.0
38.0
38.0
33.0
38.0
10.0
38.0
34.0
38.0
23.0
38.0
4.0
10.0
4.0
