33.0
36.0
36.0
4.0
10.0
23.0
25.0
36.0
37.0
25.0
23.0
2.0
16.0
16.0
2.0
16.0
16.0
10.0
4.0
4.0
16.0
4.0
39.0
10.0
39.0
10.0
10.0
39.0
45.0
45.0
10.0
4.0
2.0
16.0
16.0
16.0
2.0
4.0
16.0
4.0
4.0
16.0
16.0
16.0
16.0
16.0
33.0
16.0
33.0
33.0
4.0
33.0
33.0
33.0
33.0
2.0
33.0
4.0
10.0
16.0
33.0
36.0
33.0
16.0
16.0
16.0
16.0
45.0
33.0
10.0
36.0
36.0
36.0
36.0
16.0
16.0
16.0
44.0
16.0
45.0
16.0
10.0
36.0
16.0
45.0
4.0
45.0
36.0
10.0
39.0
36.0
45.0
10.0
16.0
16.0
10.0
33.0
2.0
16.0
16.0
16.0
2.0
36.0
45.0
16.0
16.0
33.0
10.0
10.0
2.0
33.0
33.0
33.0
2.0
33.0
2.0
2.0
45.0
10.0
44.0
10.0
25.0
45.0
45.0
45.0
45.0
45.0
45.0
45.0
45.0
2.0
45.0
45.0
45.0
45.0
45.0
45.0
45.0
45.0
45.0
45.0
36.0
36.0
36.0
25.0
10.0
36.0
36.0
36.0
10.0
10.0
36.0
4.0
10.0
10.0
4.0
16.0
36.0
33.0
33.0
36.0
33.0
33.0
45.0
33.0
33.0
16.0
10.0
33.0
10.0
16.0
33.0
8.0
36.0
45.0
10.0
45.0
45.0
45.0
45.0
36.0
45.0
45.0
45.0
10.0
10.0
45.0
16.0
16.0
16.0
16.0
36.0
16.0
4.0
16.0
16.0
25.0
33.0
33.0
2.0
36.0
16.0
45.0
45.0
45.0
45.0
45.0
45.0
45.0
45.0
45.0
45.0
45.0
45.0
45.0
45.0
45.0
45.0
10.0
10.0
45.0
45.0
45.0
45.0
10.0
10.0
10.0
10.0
10.0
45.0
10.0
45.0
45.0
45.0
10.0
33.0
45.0
45.0
45.0
45.0
45.0
45.0
4.0
10.0
10.0
4.0
33.0
10.0
45.0
33.0
33.0
45.0
45.0
33.0
10.0
33.0
4.0
45.0
33.0
10.0
45.0
2.0
33.0
36.0
2.0
10.0
10.0
33.0
10.0
45.0
10.0
10.0
16.0
2.0
33.0
45.0
4.0
45.0
10.0
4.0
4.0
36.0
36.0
36.0
45.0
45.0
45.0
45.0
45.0
33.0
45.0
10.0
45.0
36.0
45.0
36.0
45.0
4.0
10.0
4.0
