33.0
34.0
23.0
4.0
38.0
23.0
37.0
23.0
37.0
37.0
23.0
20.0
20.0
16.0
39.0
16.0
16.0
39.0
4.0
4.0
20.0
4.0
39.0
39.0
39.0
10.0
10.0
39.0
38.0
38.0
39.0
16.0
39.0
20.0
20.0
16.0
2.0
4.0
20.0
4.0
4.0
20.0
20.0
16.0
16.0
16.0
33.0
16.0
33.0
33.0
16.0
33.0
33.0
33.0
33.0
39.0
33.0
4.0
39.0
20.0
33.0
34.0
33.0
16.0
16.0
16.0
16.0
38.0
4.0
10.0
23.0
23.0
23.0
23.0
16.0
16.0
16.0
8.0
16.0
38.0
20.0
10.0
23.0
16.0
38.0
4.0
38.0
23.0
39.0
39.0
34.0
38.0
10.0
16.0
16.0
10.0
33.0
39.0
16.0
16.0
16.0
39.0
34.0
38.0
16.0
16.0
33.0
39.0
25.0
2.0
33.0
33.0
33.0
39.0
33.0
39.0
39.0
38.0
10.0
8.0
10.0
25.0
38.0
38.0
38.0
38.0
38.0
38.0
38.0
38.0
39.0
38.0
38.0
38.0
38.0
38.0
38.0
38.0
38.0
38.0
38.0
23.0
34.0
34.0
25.0
25.0
23.0
34.0
34.0
10.0
10.0
34.0
4.0
10.0
37.0
4.0
20.0
34.0
33.0
33.0
23.0
33.0
33.0
38.0
33.0
33.0
20.0
25.0
33.0
10.0
20.0
33.0
8.0
23.0
38.0
10.0
38.0
38.0
38.0
38.0
23.0
38.0
38.0
38.0
10.0
10.0
38.0
16.0
16.0
16.0
16.0
23.0
16.0
4.0
16.0
16.0
23.0
33.0
33.0
2.0
23.0
34.0
38.0
38.0
38.0
38.0
38.0
38.0
38.0
38.0
38.0
38.0
38.0
38.0
38.0
38.0
38.0
38.0
10.0
38.0
38.0
38.0
38.0
38.0
10.0
10.0
38.0
10.0
10.0
38.0
10.0
38.0
38.0
38.0
10.0
4.0
38.0
38.0
38.0
38.0
38.0
38.0
4.0
10.0
25.0
4.0
33.0
10.0
38.0
4.0
4.0
38.0
38.0
4.0
25.0
4.0
4.0
38.0
33.0
10.0
38.0
39.0
33.0
23.0
2.0
38.0
10.0
33.0
10.0
38.0
10.0
10.0
16.0
2.0
4.0
38.0
4.0
38.0
10.0
4.0
4.0
34.0
23.0
23.0
38.0
38.0
38.0
38.0
38.0
33.0
38.0
10.0
38.0
34.0
38.0
23.0
38.0
4.0
10.0
4.0
