15.0
44.0
8.0
4.0
10.0
23.0
8.0
23.0
37.0
37.0
23.0
19.0
16.0
16.0
19.0
16.0
16.0
19.0
4.0
4.0
16.0
4.0
19.0
19.0
19.0
10.0
10.0
19.0
45.0
45.0
19.0
4.0
19.0
16.0
16.0
16.0
2.0
4.0
16.0
4.0
4.0
16.0
16.0
16.0
16.0
16.0
15.0
4.0
4.0
4.0
4.0
2.0
4.0
4.0
15.0
19.0
2.0
4.0
19.0
16.0
4.0
6.0
4.0
16.0
16.0
16.0
16.0
10.0
4.0
10.0
36.0
23.0
8.0
36.0
16.0
16.0
16.0
44.0
16.0
45.0
16.0
10.0
23.0
16.0
45.0
4.0
45.0
8.0
19.0
19.0
16.0
45.0
10.0
16.0
4.0
10.0
15.0
19.0
16.0
16.0
16.0
19.0
16.0
45.0
16.0
16.0
15.0
19.0
8.0
19.0
4.0
15.0
15.0
19.0
15.0
19.0
19.0
45.0
10.0
44.0
10.0
8.0
45.0
45.0
45.0
45.0
45.0
45.0
45.0
45.0
19.0
45.0
45.0
45.0
45.0
45.0
45.0
45.0
45.0
45.0
45.0
23.0
6.0
16.0
8.0
8.0
36.0
16.0
6.0
10.0
10.0
6.0
4.0
10.0
10.0
4.0
16.0
44.0
4.0
4.0
36.0
4.0
15.0
45.0
15.0
15.0
16.0
8.0
2.0
10.0
16.0
4.0
8.0
8.0
45.0
10.0
45.0
45.0
45.0
45.0
8.0
45.0
45.0
45.0
10.0
10.0
45.0
16.0
16.0
16.0
16.0
23.0
16.0
4.0
16.0
16.0
8.0
2.0
15.0
2.0
23.0
16.0
45.0
45.0
45.0
45.0
45.0
45.0
45.0
45.0
45.0
45.0
45.0
45.0
45.0
45.0
45.0
45.0
10.0
10.0
45.0
45.0
45.0
45.0
10.0
10.0
10.0
10.0
10.0
45.0
10.0
10.0
45.0
45.0
10.0
4.0
45.0
45.0
45.0
45.0
45.0
45.0
4.0
10.0
8.0
4.0
2.0
10.0
45.0
4.0
4.0
45.0
45.0
4.0
8.0
4.0
4.0
45.0
4.0
10.0
45.0
19.0
4.0
23.0
19.0
10.0
10.0
2.0
10.0
45.0
10.0
10.0
16.0
19.0
4.0
45.0
4.0
45.0
10.0
4.0
4.0
44.0
23.0
23.0
45.0
45.0
45.0
10.0
45.0
2.0
45.0
10.0
45.0
6.0
45.0
36.0
45.0
16.0
10.0
4.0
