33.0
36.0
23.0
4.0
10.0
20.0
37.0
23.0
37.0
37.0
23.0
8.0
16.0
16.0
19.0
16.0
16.0
19.0
4.0
4.0
16.0
4.0
19.0
19.0
19.0
10.0
10.0
19.0
22.0
22.0
19.0
4.0
19.0
16.0
16.0
16.0
8.0
4.0
16.0
4.0
4.0
16.0
16.0
16.0
16.0
16.0
33.0
4.0
33.0
33.0
4.0
33.0
33.0
33.0
33.0
8.0
33.0
4.0
19.0
16.0
33.0
36.0
33.0
4.0
16.0
16.0
4.0
10.0
4.0
10.0
36.0
23.0
23.0
36.0
16.0
16.0
16.0
34.0
16.0
10.0
16.0
10.0
36.0
16.0
22.0
4.0
10.0
23.0
19.0
19.0
16.0
10.0
10.0
16.0
4.0
10.0
33.0
19.0
16.0
16.0
29.0
19.0
16.0
22.0
16.0
16.0
33.0
19.0
10.0
8.0
33.0
33.0
33.0
19.0
33.0
19.0
19.0
22.0
10.0
16.0
10.0
10.0
22.0
22.0
22.0
22.0
22.0
10.0
22.0
22.0
19.0
22.0
22.0
22.0
22.0
22.0
22.0
22.0
22.0
22.0
22.0
23.0
36.0
16.0
23.0
10.0
36.0
36.0
36.0
10.0
10.0
36.0
4.0
10.0
10.0
4.0
16.0
36.0
33.0
33.0
36.0
33.0
33.0
10.0
33.0
33.0
16.0
10.0
33.0
10.0
16.0
33.0
8.0
23.0
10.0
10.0
10.0
22.0
22.0
22.0
23.0
22.0
22.0
22.0
10.0
10.0
22.0
16.0
16.0
16.0
16.0
23.0
16.0
4.0
16.0
16.0
23.0
33.0
33.0
8.0
23.0
16.0
22.0
22.0
22.0
22.0
22.0
22.0
10.0
10.0
22.0
22.0
10.0
10.0
10.0
10.0
22.0
22.0
10.0
10.0
22.0
22.0
22.0
22.0
10.0
10.0
10.0
10.0
10.0
22.0
10.0
10.0
10.0
10.0
10.0
33.0
22.0
10.0
22.0
10.0
10.0
22.0
4.0
10.0
10.0
4.0
33.0
10.0
22.0
33.0
33.0
22.0
22.0
33.0
10.0
33.0
4.0
22.0
33.0
10.0
10.0
19.0
33.0
23.0
8.0
10.0
10.0
33.0
10.0
22.0
10.0
10.0
16.0
8.0
33.0
22.0
4.0
22.0
10.0
4.0
4.0
36.0
23.0
23.0
22.0
10.0
22.0
10.0
22.0
33.0
10.0
10.0
22.0
36.0
22.0
36.0
22.0
4.0
10.0
4.0
