15.0
1.0
23.0
4.0
10.0
23.0
37.0
23.0
37.0
37.0
23.0
20.0
16.0
16.0
20.0
16.0
16.0
20.0
4.0
4.0
16.0
4.0
39.0
39.0
39.0
10.0
10.0
39.0
10.0
10.0
39.0
4.0
20.0
16.0
16.0
16.0
33.0
4.0
16.0
4.0
4.0
16.0
16.0
16.0
16.0
16.0
15.0
4.0
15.0
15.0
4.0
15.0
4.0
15.0
15.0
20.0
15.0
4.0
20.0
16.0
15.0
1.0
15.0
16.0
16.0
16.0
16.0
10.0
4.0
10.0
23.0
23.0
23.0
23.0
16.0
16.0
16.0
30.0
16.0
10.0
16.0
10.0
23.0
16.0
10.0
4.0
10.0
23.0
20.0
39.0
16.0
10.0
10.0
16.0
4.0
10.0
15.0
20.0
16.0
16.0
16.0
20.0
16.0
10.0
16.0
16.0
15.0
39.0
10.0
20.0
15.0
15.0
15.0
20.0
15.0
20.0
20.0
10.0
10.0
30.0
10.0
37.0
22.0
38.0
22.0
10.0
38.0
10.0
10.0
22.0
20.0
10.0
38.0
38.0
38.0
38.0
22.0
10.0
10.0
22.0
10.0
23.0
1.0
16.0
23.0
37.0
23.0
1.0
16.0
10.0
10.0
1.0
4.0
10.0
10.0
4.0
16.0
1.0
15.0
15.0
23.0
15.0
15.0
10.0
15.0
15.0
16.0
37.0
15.0
10.0
16.0
15.0
30.0
23.0
10.0
10.0
10.0
38.0
10.0
10.0
23.0
10.0
10.0
10.0
10.0
10.0
22.0
16.0
16.0
16.0
16.0
23.0
16.0
4.0
16.0
16.0
23.0
15.0
15.0
7.0
23.0
16.0
10.0
10.0
10.0
10.0
10.0
10.0
10.0
10.0
22.0
10.0
10.0
10.0
10.0
10.0
22.0
22.0
10.0
10.0
22.0
22.0
22.0
22.0
10.0
10.0
10.0
10.0
10.0
10.0
10.0
10.0
10.0
10.0
10.0
4.0
10.0
10.0
22.0
10.0
10.0
10.0
4.0
10.0
37.0
4.0
15.0
10.0
10.0
4.0
4.0
10.0
10.0
4.0
37.0
4.0
4.0
10.0
15.0
10.0
10.0
20.0
15.0
23.0
20.0
10.0
10.0
15.0
10.0
10.0
10.0
10.0
16.0
20.0
4.0
38.0
4.0
22.0
10.0
4.0
4.0
23.0
23.0
23.0
38.0
10.0
38.0
10.0
38.0
15.0
10.0
10.0
22.0
1.0
38.0
23.0
38.0
4.0
10.0
4.0
