33.0
37.0
36.0
16.0
45.0
37.0
37.0
36.0
37.0
37.0
37.0
20.0
16.0
16.0
20.0
16.0
16.0
20.0
33.0
33.0
16.0
33.0
19.0
19.0
19.0
45.0
10.0
19.0
45.0
45.0
19.0
16.0
20.0
16.0
16.0
16.0
2.0
33.0
16.0
4.0
33.0
16.0
16.0
16.0
16.0
16.0
33.0
16.0
33.0
33.0
16.0
2.0
4.0
33.0
33.0
20.0
2.0
33.0
20.0
16.0
33.0
37.0
33.0
16.0
16.0
16.0
16.0
45.0
33.0
45.0
36.0
48.0
48.0
36.0
16.0
16.0
16.0
44.0
16.0
45.0
16.0
45.0
36.0
16.0
45.0
33.0
45.0
36.0
20.0
19.0
37.0
45.0
45.0
16.0
16.0
45.0
33.0
20.0
16.0
16.0
39.0
20.0
20.0
45.0
16.0
39.0
33.0
19.0
48.0
20.0
33.0
33.0
33.0
20.0
33.0
20.0
20.0
45.0
45.0
44.0
48.0
48.0
45.0
45.0
45.0
45.0
45.0
45.0
45.0
45.0
20.0
45.0
45.0
45.0
45.0
45.0
45.0
45.0
45.0
45.0
45.0
36.0
37.0
16.0
48.0
48.0
36.0
37.0
37.0
45.0
48.0
37.0
33.0
45.0
48.0
4.0
16.0
37.0
33.0
33.0
36.0
33.0
33.0
45.0
33.0
33.0
16.0
48.0
33.0
48.0
16.0
33.0
39.0
48.0
45.0
45.0
45.0
45.0
45.0
45.0
48.0
45.0
45.0
45.0
45.0
48.0
45.0
16.0
16.0
16.0
16.0
48.0
16.0
33.0
16.0
16.0
48.0
33.0
33.0
2.0
36.0
16.0
45.0
45.0
45.0
45.0
45.0
45.0
45.0
45.0
45.0
45.0
45.0
45.0
45.0
45.0
45.0
45.0
45.0
45.0
45.0
45.0
45.0
45.0
45.0
45.0
45.0
45.0
48.0
45.0
45.0
45.0
45.0
45.0
45.0
33.0
45.0
45.0
45.0
45.0
45.0
45.0
4.0
45.0
48.0
33.0
33.0
45.0
45.0
33.0
33.0
45.0
45.0
33.0
48.0
33.0
33.0
45.0
33.0
45.0
45.0
20.0
33.0
36.0
20.0
45.0
11.0
33.0
45.0
45.0
45.0
48.0
39.0
20.0
33.0
45.0
33.0
45.0
48.0
33.0
33.0
37.0
36.0
36.0
45.0
45.0
45.0
45.0
45.0
33.0
45.0
48.0
45.0
36.0
45.0
36.0
45.0
16.0
10.0
16.0
