3.0
36.0
23.0
4.0
10.0
23.0
8.0
23.0
10.0
8.0
23.0
19.0
16.0
16.0
19.0
16.0
16.0
19.0
4.0
4.0
16.0
4.0
19.0
19.0
19.0
10.0
10.0
19.0
10.0
10.0
19.0
16.0
19.0
16.0
16.0
16.0
22.0
4.0
16.0
4.0
4.0
16.0
20.0
16.0
16.0
16.0
3.0
16.0
4.0
3.0
16.0
4.0
4.0
3.0
3.0
19.0
3.0
4.0
19.0
16.0
3.0
36.0
3.0
16.0
16.0
16.0
4.0
10.0
4.0
10.0
23.0
23.0
23.0
23.0
16.0
16.0
16.0
30.0
16.0
10.0
16.0
10.0
23.0
16.0
10.0
4.0
10.0
23.0
19.0
19.0
20.0
10.0
10.0
16.0
16.0
10.0
3.0
19.0
16.0
16.0
19.0
19.0
20.0
10.0
16.0
19.0
3.0
19.0
10.0
19.0
4.0
3.0
3.0
19.0
3.0
19.0
19.0
10.0
10.0
30.0
10.0
23.0
22.0
22.0
10.0
10.0
22.0
10.0
10.0
10.0
19.0
10.0
22.0
22.0
22.0
22.0
10.0
10.0
10.0
10.0
10.0
23.0
36.0
36.0
23.0
10.0
36.0
36.0
36.0
10.0
10.0
36.0
4.0
10.0
10.0
4.0
16.0
36.0
3.0
3.0
23.0
3.0
3.0
10.0
3.0
3.0
20.0
10.0
4.0
10.0
16.0
3.0
8.0
23.0
10.0
10.0
10.0
22.0
10.0
10.0
23.0
10.0
10.0
10.0
10.0
10.0
10.0
16.0
16.0
16.0
16.0
23.0
16.0
4.0
16.0
16.0
23.0
3.0
3.0
19.0
23.0
16.0
10.0
10.0
10.0
10.0
10.0
10.0
10.0
10.0
10.0
10.0
10.0
10.0
10.0
10.0
10.0
10.0
10.0
10.0
10.0
10.0
10.0
10.0
10.0
10.0
10.0
10.0
10.0
10.0
10.0
10.0
10.0
10.0
10.0
4.0
10.0
10.0
10.0
10.0
10.0
10.0
4.0
10.0
10.0
4.0
3.0
10.0
10.0
3.0
3.0
10.0
10.0
4.0
23.0
4.0
4.0
10.0
3.0
10.0
10.0
19.0
3.0
23.0
19.0
10.0
10.0
3.0
10.0
10.0
10.0
10.0
16.0
19.0
4.0
22.0
4.0
10.0
10.0
4.0
4.0
36.0
23.0
23.0
22.0
10.0
22.0
10.0
22.0
4.0
10.0
10.0
10.0
36.0
22.0
23.0
22.0
4.0
10.0
4.0
