35.0
36.0
36.0
4.0
45.0
23.0
37.0
36.0
37.0
37.0
23.0
19.0
16.0
16.0
19.0
16.0
16.0
19.0
4.0
4.0
16.0
4.0
19.0
19.0
19.0
45.0
10.0
19.0
45.0
45.0
19.0
4.0
19.0
16.0
16.0
16.0
8.0
4.0
16.0
4.0
4.0
16.0
16.0
16.0
16.0
16.0
35.0
4.0
33.0
33.0
4.0
33.0
4.0
33.0
33.0
19.0
35.0
4.0
19.0
16.0
33.0
36.0
33.0
16.0
16.0
16.0
16.0
45.0
4.0
45.0
36.0
23.0
36.0
36.0
16.0
16.0
16.0
30.0
16.0
45.0
16.0
10.0
36.0
16.0
45.0
4.0
45.0
36.0
19.0
19.0
36.0
45.0
45.0
16.0
4.0
45.0
35.0
19.0
16.0
16.0
16.0
19.0
34.0
45.0
16.0
16.0
35.0
19.0
37.0
19.0
33.0
33.0
35.0
19.0
35.0
19.0
19.0
45.0
10.0
30.0
10.0
1.0
45.0
45.0
45.0
45.0
45.0
45.0
45.0
45.0
19.0
45.0
45.0
45.0
45.0
45.0
45.0
45.0
45.0
45.0
45.0
36.0
36.0
36.0
23.0
37.0
36.0
36.0
36.0
10.0
10.0
36.0
4.0
45.0
10.0
4.0
16.0
36.0
33.0
33.0
36.0
33.0
35.0
45.0
35.0
35.0
16.0
1.0
33.0
10.0
16.0
33.0
30.0
36.0
45.0
10.0
45.0
45.0
45.0
45.0
36.0
45.0
45.0
45.0
45.0
10.0
45.0
16.0
16.0
16.0
16.0
23.0
16.0
4.0
16.0
16.0
23.0
35.0
35.0
19.0
36.0
16.0
45.0
45.0
45.0
45.0
45.0
45.0
45.0
45.0
45.0
45.0
45.0
45.0
45.0
45.0
45.0
45.0
45.0
45.0
45.0
45.0
45.0
45.0
45.0
45.0
45.0
45.0
10.0
45.0
45.0
45.0
45.0
45.0
45.0
33.0
45.0
45.0
45.0
45.0
45.0
45.0
4.0
45.0
1.0
4.0
35.0
10.0
45.0
33.0
33.0
45.0
45.0
33.0
1.0
4.0
4.0
45.0
33.0
45.0
45.0
19.0
35.0
23.0
19.0
45.0
10.0
35.0
10.0
45.0
45.0
10.0
16.0
19.0
33.0
45.0
4.0
45.0
10.0
4.0
4.0
36.0
36.0
36.0
45.0
45.0
45.0
45.0
45.0
33.0
45.0
10.0
45.0
36.0
45.0
36.0
45.0
16.0
10.0
4.0
