33.0
36.0
36.0
4.0
10.0
36.0
8.0
36.0
8.0
8.0
36.0
20.0
16.0
20.0
20.0
16.0
16.0
20.0
4.0
4.0
16.0
4.0
19.0
19.0
19.0
10.0
10.0
19.0
38.0
38.0
19.0
4.0
20.0
16.0
16.0
16.0
2.0
4.0
16.0
4.0
4.0
16.0
16.0
16.0
16.0
16.0
33.0
4.0
35.0
35.0
4.0
33.0
4.0
35.0
35.0
2.0
33.0
4.0
20.0
16.0
35.0
36.0
35.0
16.0
16.0
16.0
4.0
45.0
4.0
10.0
36.0
36.0
36.0
36.0
16.0
16.0
16.0
30.0
16.0
45.0
16.0
10.0
36.0
16.0
38.0
4.0
45.0
36.0
20.0
19.0
36.0
45.0
10.0
16.0
16.0
10.0
35.0
20.0
16.0
16.0
19.0
20.0
36.0
38.0
16.0
19.0
35.0
19.0
10.0
20.0
35.0
35.0
35.0
20.0
35.0
20.0
20.0
45.0
10.0
30.0
10.0
8.0
38.0
38.0
38.0
38.0
38.0
11.0
38.0
38.0
20.0
38.0
38.0
38.0
38.0
38.0
38.0
11.0
38.0
38.0
38.0
36.0
36.0
36.0
8.0
8.0
36.0
36.0
36.0
10.0
10.0
36.0
4.0
10.0
8.0
4.0
16.0
36.0
35.0
35.0
36.0
35.0
35.0
11.0
35.0
35.0
16.0
10.0
35.0
10.0
16.0
35.0
30.0
36.0
45.0
10.0
11.0
38.0
11.0
38.0
36.0
38.0
38.0
45.0
10.0
10.0
38.0
16.0
16.0
16.0
16.0
36.0
16.0
4.0
16.0
16.0
8.0
35.0
33.0
2.0
36.0
16.0
11.0
38.0
38.0
38.0
11.0
11.0
11.0
11.0
38.0
38.0
45.0
45.0
45.0
45.0
38.0
38.0
10.0
10.0
38.0
38.0
38.0
38.0
10.0
10.0
45.0
10.0
10.0
11.0
10.0
45.0
11.0
11.0
10.0
35.0
11.0
45.0
38.0
11.0
11.0
38.0
4.0
10.0
10.0
4.0
33.0
10.0
11.0
35.0
35.0
11.0
11.0
35.0
8.0
4.0
4.0
11.0
35.0
10.0
45.0
20.0
35.0
36.0
20.0
38.0
10.0
35.0
10.0
38.0
10.0
10.0
30.0
2.0
35.0
38.0
4.0
38.0
10.0
4.0
4.0
36.0
36.0
36.0
38.0
45.0
38.0
45.0
38.0
35.0
45.0
10.0
38.0
36.0
38.0
36.0
38.0
26.0
10.0
4.0
