33.0
36.0
36.0
4.0
45.0
36.0
25.0
36.0
27.0
27.0
36.0
20.0
32.0
16.0
20.0
16.0
16.0
20.0
4.0
4.0
32.0
4.0
29.0
29.0
29.0
10.0
10.0
29.0
45.0
45.0
29.0
4.0
20.0
32.0
32.0
32.0
2.0
4.0
32.0
32.0
4.0
32.0
32.0
16.0
16.0
16.0
33.0
4.0
4.0
33.0
4.0
2.0
4.0
4.0
33.0
2.0
2.0
4.0
20.0
32.0
4.0
36.0
4.0
4.0
16.0
16.0
4.0
45.0
4.0
10.0
36.0
36.0
36.0
36.0
16.0
16.0
16.0
30.0
16.0
45.0
16.0
10.0
36.0
16.0
45.0
4.0
45.0
36.0
20.0
29.0
44.0
45.0
10.0
16.0
4.0
10.0
33.0
2.0
16.0
16.0
30.0
20.0
44.0
45.0
16.0
30.0
33.0
29.0
10.0
20.0
4.0
33.0
33.0
20.0
2.0
20.0
20.0
45.0
10.0
30.0
10.0
25.0
45.0
45.0
45.0
45.0
45.0
45.0
45.0
45.0
2.0
45.0
45.0
45.0
45.0
45.0
45.0
45.0
45.0
45.0
45.0
36.0
36.0
44.0
25.0
25.0
36.0
36.0
36.0
10.0
10.0
36.0
4.0
10.0
10.0
4.0
32.0
36.0
4.0
33.0
36.0
4.0
33.0
45.0
33.0
33.0
32.0
25.0
2.0
10.0
32.0
4.0
30.0
36.0
45.0
10.0
45.0
45.0
45.0
45.0
36.0
45.0
45.0
45.0
10.0
10.0
45.0
32.0
32.0
32.0
32.0
36.0
16.0
4.0
16.0
16.0
25.0
2.0
33.0
2.0
36.0
32.0
45.0
45.0
45.0
45.0
45.0
45.0
45.0
45.0
45.0
45.0
45.0
45.0
45.0
45.0
45.0
45.0
10.0
45.0
45.0
45.0
45.0
45.0
10.0
10.0
45.0
10.0
10.0
45.0
10.0
45.0
45.0
45.0
45.0
4.0
45.0
45.0
45.0
45.0
45.0
45.0
4.0
10.0
25.0
4.0
2.0
10.0
45.0
4.0
4.0
45.0
45.0
4.0
25.0
4.0
4.0
45.0
4.0
10.0
45.0
2.0
33.0
36.0
20.0
45.0
10.0
2.0
10.0
45.0
45.0
10.0
30.0
2.0
4.0
45.0
4.0
45.0
10.0
4.0
4.0
36.0
36.0
36.0
45.0
45.0
45.0
45.0
45.0
2.0
45.0
10.0
45.0
36.0
45.0
36.0
45.0
4.0
10.0
4.0
