2.0
37.0
37.0
4.0
10.0
37.0
37.0
37.0
37.0
37.0
37.0
2.0
16.0
16.0
19.0
16.0
16.0
19.0
4.0
4.0
16.0
4.0
19.0
19.0
19.0
10.0
10.0
19.0
10.0
10.0
19.0
4.0
19.0
16.0
16.0
16.0
2.0
4.0
16.0
4.0
4.0
16.0
16.0
16.0
16.0
16.0
2.0
4.0
33.0
2.0
4.0
2.0
33.0
33.0
2.0
2.0
2.0
4.0
19.0
16.0
33.0
37.0
33.0
16.0
16.0
16.0
4.0
10.0
4.0
10.0
37.0
37.0
37.0
37.0
16.0
16.0
16.0
8.0
16.0
10.0
16.0
10.0
37.0
16.0
10.0
4.0
10.0
37.0
19.0
19.0
37.0
10.0
10.0
16.0
4.0
10.0
2.0
2.0
16.0
16.0
16.0
19.0
16.0
10.0
16.0
16.0
2.0
19.0
10.0
2.0
33.0
2.0
2.0
19.0
2.0
19.0
19.0
10.0
10.0
8.0
10.0
37.0
10.0
10.0
10.0
10.0
10.0
10.0
10.0
10.0
2.0
10.0
10.0
10.0
10.0
10.0
10.0
10.0
10.0
10.0
10.0
37.0
6.0
16.0
37.0
10.0
37.0
37.0
37.0
10.0
10.0
37.0
4.0
10.0
10.0
4.0
16.0
37.0
33.0
2.0
37.0
33.0
2.0
10.0
2.0
2.0
16.0
10.0
2.0
10.0
16.0
33.0
8.0
37.0
10.0
10.0
10.0
10.0
10.0
10.0
37.0
10.0
10.0
10.0
10.0
10.0
10.0
16.0
16.0
16.0
16.0
37.0
16.0
4.0
16.0
16.0
37.0
2.0
2.0
2.0
37.0
16.0
10.0
10.0
10.0
10.0
10.0
10.0
10.0
10.0
10.0
10.0
10.0
10.0
10.0
10.0
10.0
10.0
10.0
10.0
10.0
10.0
10.0
10.0
10.0
10.0
10.0
10.0
10.0
10.0
10.0
10.0
10.0
10.0
10.0
4.0
10.0
10.0
10.0
10.0
10.0
10.0
4.0
10.0
10.0
4.0
2.0
10.0
10.0
4.0
4.0
10.0
10.0
4.0
10.0
4.0
4.0
10.0
33.0
10.0
10.0
2.0
2.0
37.0
2.0
10.0
10.0
2.0
10.0
10.0
10.0
10.0
16.0
2.0
33.0
10.0
4.0
10.0
10.0
4.0
4.0
37.0
37.0
37.0
10.0
10.0
10.0
10.0
10.0
33.0
10.0
10.0
10.0
37.0
10.0
37.0
10.0
4.0
10.0
4.0
