15.0
20.0
23.0
4.0
10.0
23.0
37.0
23.0
37.0
37.0
23.0
20.0
20.0
16.0
20.0
16.0
16.0
20.0
4.0
4.0
20.0
4.0
39.0
39.0
39.0
10.0
10.0
39.0
10.0
10.0
39.0
4.0
20.0
20.0
20.0
20.0
15.0
4.0
20.0
4.0
4.0
20.0
20.0
16.0
16.0
16.0
15.0
4.0
15.0
15.0
4.0
15.0
15.0
15.0
15.0
20.0
15.0
4.0
20.0
20.0
15.0
20.0
15.0
16.0
16.0
20.0
4.0
10.0
4.0
10.0
23.0
23.0
23.0
23.0
16.0
16.0
16.0
30.0
16.0
10.0
20.0
10.0
23.0
16.0
10.0
4.0
10.0
23.0
20.0
39.0
20.0
10.0
10.0
16.0
4.0
10.0
15.0
20.0
16.0
16.0
16.0
20.0
20.0
10.0
16.0
16.0
15.0
39.0
10.0
20.0
15.0
15.0
15.0
20.0
15.0
20.0
20.0
10.0
10.0
30.0
10.0
1.0
10.0
10.0
10.0
10.0
10.0
10.0
10.0
10.0
20.0
10.0
10.0
10.0
10.0
10.0
10.0
10.0
10.0
10.0
10.0
23.0
20.0
20.0
23.0
10.0
23.0
20.0
20.0
10.0
10.0
20.0
4.0
10.0
10.0
4.0
20.0
20.0
15.0
15.0
23.0
15.0
15.0
10.0
15.0
15.0
20.0
10.0
15.0
10.0
20.0
15.0
30.0
23.0
10.0
10.0
10.0
10.0
10.0
10.0
23.0
10.0
10.0
10.0
10.0
10.0
10.0
20.0
20.0
16.0
20.0
23.0
20.0
4.0
16.0
20.0
23.0
15.0
15.0
19.0
23.0
20.0
10.0
10.0
10.0
10.0
10.0
10.0
10.0
10.0
10.0
10.0
10.0
10.0
10.0
10.0
10.0
10.0
10.0
10.0
10.0
10.0
10.0
10.0
10.0
10.0
10.0
10.0
10.0
10.0
10.0
10.0
10.0
10.0
10.0
4.0
10.0
10.0
10.0
10.0
10.0
10.0
4.0
10.0
10.0
4.0
15.0
10.0
10.0
4.0
4.0
10.0
10.0
4.0
1.0
4.0
4.0
10.0
15.0
10.0
10.0
20.0
15.0
23.0
20.0
10.0
10.0
15.0
10.0
10.0
10.0
10.0
16.0
20.0
15.0
41.0
4.0
10.0
10.0
4.0
4.0
20.0
23.0
23.0
10.0
10.0
10.0
10.0
10.0
15.0
10.0
10.0
10.0
1.0
10.0
23.0
10.0
4.0
10.0
4.0
