15.0
36.0
36.0
4.0
10.0
37.0
37.0
36.0
37.0
37.0
37.0
19.0
16.0
16.0
19.0
16.0
16.0
39.0
4.0
4.0
16.0
4.0
39.0
39.0
39.0
10.0
10.0
39.0
10.0
10.0
39.0
4.0
39.0
16.0
16.0
16.0
15.0
4.0
16.0
4.0
4.0
16.0
16.0
16.0
16.0
16.0
15.0
4.0
15.0
15.0
4.0
15.0
15.0
15.0
15.0
19.0
15.0
4.0
39.0
16.0
15.0
36.0
15.0
16.0
16.0
16.0
16.0
10.0
4.0
10.0
36.0
37.0
36.0
36.0
16.0
16.0
16.0
44.0
16.0
10.0
16.0
10.0
36.0
16.0
10.0
4.0
10.0
36.0
39.0
39.0
16.0
10.0
10.0
16.0
4.0
10.0
15.0
19.0
16.0
16.0
16.0
19.0
16.0
10.0
16.0
16.0
15.0
39.0
37.0
19.0
15.0
15.0
15.0
39.0
15.0
39.0
19.0
10.0
10.0
44.0
10.0
37.0
10.0
38.0
10.0
10.0
38.0
10.0
10.0
10.0
19.0
10.0
38.0
10.0
38.0
10.0
10.0
10.0
10.0
10.0
10.0
36.0
36.0
16.0
37.0
37.0
36.0
36.0
16.0
10.0
10.0
16.0
4.0
10.0
37.0
4.0
16.0
36.0
15.0
15.0
36.0
15.0
15.0
10.0
15.0
15.0
16.0
10.0
15.0
10.0
16.0
15.0
8.0
36.0
10.0
10.0
10.0
38.0
10.0
10.0
36.0
10.0
10.0
10.0
10.0
10.0
10.0
16.0
16.0
16.0
16.0
36.0
16.0
4.0
16.0
16.0
37.0
15.0
15.0
19.0
36.0
16.0
10.0
10.0
10.0
10.0
10.0
10.0
10.0
10.0
10.0
10.0
10.0
10.0
10.0
10.0
10.0
10.0
10.0
10.0
10.0
10.0
10.0
10.0
10.0
10.0
10.0
10.0
10.0
10.0
10.0
10.0
10.0
10.0
10.0
15.0
10.0
10.0
10.0
10.0
10.0
10.0
4.0
10.0
37.0
4.0
15.0
10.0
10.0
15.0
15.0
10.0
10.0
15.0
37.0
4.0
4.0
10.0
15.0
10.0
10.0
19.0
15.0
36.0
19.0
10.0
10.0
15.0
10.0
10.0
10.0
10.0
16.0
19.0
15.0
38.0
4.0
10.0
10.0
4.0
4.0
37.0
36.0
36.0
10.0
10.0
10.0
10.0
10.0
15.0
10.0
10.0
10.0
36.0
38.0
36.0
38.0
4.0
10.0
4.0
