33.0
37.0
23.0
4.0
11.0
23.0
37.0
23.0
37.0
37.0
23.0
20.0
20.0
16.0
20.0
16.0
16.0
20.0
4.0
4.0
20.0
4.0
20.0
20.0
20.0
10.0
10.0
20.0
11.0
11.0
20.0
4.0
20.0
20.0
20.0
20.0
33.0
4.0
32.0
32.0
4.0
32.0
32.0
16.0
16.0
16.0
33.0
4.0
4.0
33.0
4.0
33.0
33.0
4.0
33.0
20.0
33.0
4.0
20.0
32.0
4.0
37.0
4.0
4.0
16.0
16.0
4.0
11.0
4.0
10.0
23.0
23.0
23.0
23.0
16.0
16.0
16.0
20.0
16.0
11.0
37.0
10.0
23.0
16.0
11.0
4.0
11.0
23.0
20.0
20.0
37.0
11.0
10.0
16.0
4.0
11.0
2.0
20.0
16.0
16.0
16.0
20.0
37.0
11.0
16.0
16.0
33.0
20.0
10.0
20.0
4.0
33.0
2.0
20.0
2.0
20.0
20.0
11.0
10.0
20.0
10.0
23.0
11.0
11.0
11.0
11.0
11.0
11.0
11.0
11.0
20.0
11.0
11.0
11.0
11.0
11.0
11.0
11.0
11.0
11.0
11.0
23.0
37.0
20.0
23.0
37.0
23.0
37.0
37.0
10.0
10.0
37.0
4.0
10.0
10.0
4.0
32.0
37.0
4.0
33.0
23.0
4.0
33.0
11.0
33.0
33.0
20.0
10.0
33.0
10.0
32.0
4.0
7.0
23.0
11.0
10.0
11.0
11.0
11.0
11.0
23.0
11.0
11.0
11.0
11.0
10.0
11.0
16.0
16.0
16.0
32.0
23.0
16.0
4.0
16.0
16.0
23.0
33.0
33.0
19.0
23.0
20.0
11.0
11.0
11.0
11.0
11.0
11.0
11.0
11.0
11.0
11.0
11.0
11.0
11.0
11.0
11.0
11.0
10.0
11.0
11.0
11.0
11.0
11.0
10.0
10.0
11.0
11.0
10.0
11.0
10.0
11.0
11.0
11.0
11.0
4.0
11.0
11.0
11.0
11.0
11.0
11.0
4.0
10.0
10.0
4.0
33.0
10.0
11.0
4.0
4.0
11.0
11.0
4.0
23.0
4.0
4.0
11.0
4.0
10.0
11.0
20.0
33.0
23.0
20.0
11.0
10.0
33.0
10.0
11.0
11.0
10.0
16.0
20.0
4.0
11.0
4.0
11.0
10.0
4.0
4.0
37.0
23.0
23.0
11.0
11.0
11.0
11.0
11.0
33.0
11.0
10.0
11.0
37.0
11.0
23.0
11.0
4.0
10.0
4.0
