33.0
36.0
23.0
16.0
10.0
23.0
37.0
23.0
37.0
37.0
23.0
2.0
16.0
16.0
2.0
16.0
16.0
2.0
33.0
33.0
16.0
33.0
39.0
39.0
39.0
10.0
10.0
39.0
38.0
38.0
39.0
16.0
2.0
16.0
16.0
16.0
2.0
33.0
16.0
32.0
32.0
16.0
16.0
16.0
16.0
16.0
33.0
16.0
33.0
33.0
33.0
33.0
33.0
33.0
33.0
2.0
33.0
33.0
2.0
16.0
33.0
36.0
33.0
16.0
16.0
16.0
16.0
38.0
33.0
10.0
23.0
23.0
23.0
23.0
16.0
16.0
16.0
30.0
16.0
38.0
16.0
10.0
23.0
16.0
38.0
32.0
38.0
23.0
2.0
39.0
36.0
38.0
10.0
16.0
16.0
10.0
33.0
2.0
16.0
16.0
30.0
2.0
36.0
38.0
16.0
30.0
33.0
39.0
10.0
2.0
33.0
33.0
33.0
2.0
33.0
2.0
2.0
38.0
10.0
30.0
10.0
23.0
38.0
38.0
38.0
38.0
38.0
38.0
38.0
38.0
2.0
38.0
38.0
38.0
38.0
38.0
38.0
38.0
38.0
38.0
38.0
23.0
36.0
36.0
23.0
10.0
36.0
36.0
36.0
10.0
10.0
36.0
32.0
10.0
10.0
32.0
16.0
36.0
33.0
33.0
23.0
33.0
33.0
38.0
33.0
33.0
16.0
10.0
33.0
10.0
16.0
33.0
8.0
23.0
38.0
10.0
38.0
38.0
38.0
38.0
23.0
38.0
38.0
38.0
10.0
10.0
38.0
16.0
16.0
16.0
16.0
23.0
16.0
33.0
16.0
16.0
23.0
33.0
33.0
2.0
23.0
16.0
38.0
38.0
38.0
38.0
38.0
38.0
38.0
38.0
38.0
38.0
38.0
38.0
38.0
38.0
38.0
38.0
10.0
10.0
38.0
38.0
38.0
38.0
10.0
10.0
10.0
10.0
10.0
38.0
10.0
38.0
38.0
38.0
10.0
33.0
38.0
38.0
38.0
38.0
38.0
38.0
32.0
10.0
10.0
33.0
33.0
10.0
38.0
33.0
33.0
38.0
38.0
33.0
10.0
33.0
33.0
38.0
33.0
10.0
38.0
2.0
33.0
23.0
2.0
38.0
10.0
33.0
10.0
38.0
10.0
10.0
30.0
2.0
33.0
38.0
33.0
38.0
10.0
33.0
33.0
36.0
23.0
23.0
38.0
38.0
38.0
38.0
38.0
33.0
38.0
10.0
38.0
36.0
38.0
23.0
38.0
33.0
10.0
32.0
