33.0
34.0
36.0
4.0
11.0
34.0
37.0
36.0
37.0
37.0
36.0
2.0
20.0
16.0
2.0
16.0
16.0
19.0
4.0
4.0
20.0
4.0
39.0
39.0
39.0
11.0
10.0
39.0
11.0
11.0
39.0
4.0
2.0
20.0
20.0
20.0
2.0
4.0
20.0
4.0
4.0
20.0
20.0
16.0
16.0
16.0
33.0
4.0
33.0
33.0
4.0
33.0
33.0
33.0
33.0
2.0
33.0
4.0
19.0
20.0
15.0
34.0
15.0
20.0
20.0
20.0
4.0
11.0
4.0
11.0
36.0
36.0
36.0
36.0
16.0
16.0
16.0
30.0
16.0
11.0
44.0
11.0
34.0
16.0
11.0
4.0
11.0
36.0
19.0
39.0
34.0
11.0
11.0
16.0
4.0
11.0
33.0
2.0
16.0
16.0
30.0
2.0
44.0
11.0
16.0
30.0
33.0
19.0
10.0
2.0
33.0
33.0
33.0
19.0
33.0
19.0
2.0
11.0
10.0
30.0
10.0
36.0
11.0
11.0
11.0
11.0
11.0
11.0
11.0
11.0
2.0
11.0
11.0
11.0
11.0
11.0
11.0
11.0
11.0
11.0
11.0
36.0
34.0
34.0
36.0
10.0
36.0
34.0
34.0
10.0
10.0
34.0
4.0
11.0
10.0
4.0
20.0
34.0
33.0
33.0
36.0
15.0
33.0
11.0
33.0
33.0
44.0
10.0
33.0
10.0
20.0
33.0
30.0
36.0
11.0
10.0
11.0
11.0
11.0
11.0
36.0
11.0
11.0
11.0
11.0
10.0
11.0
16.0
20.0
16.0
20.0
36.0
20.0
4.0
20.0
20.0
36.0
33.0
33.0
2.0
36.0
34.0
11.0
11.0
11.0
11.0
11.0
11.0
11.0
11.0
11.0
11.0
11.0
11.0
11.0
11.0
11.0
11.0
11.0
11.0
11.0
11.0
11.0
11.0
11.0
11.0
11.0
11.0
10.0
11.0
11.0
11.0
11.0
11.0
11.0
4.0
11.0
11.0
11.0
11.0
11.0
11.0
4.0
11.0
10.0
4.0
33.0
10.0
11.0
4.0
4.0
11.0
11.0
4.0
36.0
4.0
4.0
11.0
15.0
11.0
11.0
2.0
33.0
36.0
2.0
11.0
10.0
33.0
10.0
11.0
11.0
10.0
30.0
2.0
4.0
11.0
4.0
11.0
10.0
4.0
4.0
34.0
36.0
36.0
11.0
11.0
11.0
11.0
11.0
33.0
11.0
10.0
11.0
34.0
11.0
36.0
11.0
4.0
10.0
4.0
