2.0
34.0
23.0
4.0
10.0
23.0
8.0
23.0
8.0
8.0
23.0
22.0
16.0
16.0
39.0
16.0
16.0
19.0
4.0
4.0
16.0
4.0
19.0
19.0
19.0
10.0
10.0
19.0
47.0
47.0
19.0
4.0
39.0
16.0
16.0
16.0
2.0
4.0
16.0
4.0
4.0
16.0
16.0
16.0
16.0
16.0
2.0
4.0
2.0
2.0
4.0
2.0
4.0
2.0
2.0
22.0
2.0
4.0
39.0
16.0
2.0
16.0
2.0
16.0
16.0
16.0
4.0
10.0
4.0
10.0
23.0
23.0
23.0
23.0
16.0
16.0
16.0
30.0
16.0
10.0
16.0
10.0
23.0
4.0
47.0
4.0
10.0
23.0
19.0
19.0
16.0
10.0
10.0
16.0
4.0
10.0
2.0
39.0
16.0
16.0
16.0
39.0
16.0
47.0
16.0
16.0
2.0
19.0
10.0
22.0
2.0
2.0
2.0
39.0
2.0
39.0
39.0
10.0
10.0
30.0
10.0
8.0
47.0
47.0
47.0
47.0
47.0
10.0
47.0
47.0
39.0
47.0
47.0
47.0
47.0
47.0
47.0
10.0
47.0
47.0
47.0
23.0
16.0
16.0
8.0
10.0
36.0
16.0
16.0
10.0
10.0
16.0
4.0
10.0
10.0
4.0
16.0
16.0
2.0
2.0
23.0
2.0
2.0
10.0
2.0
2.0
16.0
10.0
2.0
10.0
16.0
2.0
30.0
23.0
10.0
10.0
10.0
47.0
10.0
47.0
1.0
47.0
47.0
10.0
10.0
10.0
47.0
16.0
16.0
16.0
16.0
23.0
16.0
4.0
16.0
16.0
23.0
2.0
2.0
22.0
23.0
16.0
10.0
47.0
47.0
47.0
10.0
10.0
10.0
10.0
47.0
47.0
10.0
10.0
10.0
10.0
47.0
47.0
10.0
10.0
47.0
47.0
47.0
47.0
10.0
10.0
10.0
10.0
10.0
10.0
10.0
10.0
10.0
10.0
10.0
4.0
10.0
10.0
47.0
10.0
10.0
47.0
4.0
10.0
10.0
4.0
2.0
10.0
10.0
2.0
2.0
10.0
10.0
2.0
40.0
4.0
4.0
10.0
2.0
10.0
10.0
22.0
2.0
23.0
22.0
10.0
10.0
2.0
10.0
47.0
10.0
10.0
16.0
22.0
2.0
47.0
4.0
47.0
10.0
4.0
4.0
16.0
23.0
23.0
47.0
10.0
47.0
10.0
47.0
2.0
10.0
10.0
47.0
34.0
47.0
23.0
47.0
4.0
10.0
4.0
