2.0
1.0
36.0
4.0
10.0
20.0
37.0
36.0
37.0
37.0
36.0
22.0
20.0
16.0
22.0
16.0
16.0
22.0
4.0
4.0
20.0
4.0
39.0
39.0
39.0
10.0
10.0
39.0
11.0
11.0
39.0
4.0
22.0
20.0
20.0
20.0
2.0
4.0
14.0
4.0
4.0
32.0
20.0
16.0
16.0
16.0
33.0
4.0
2.0
33.0
4.0
33.0
33.0
33.0
33.0
22.0
2.0
4.0
22.0
32.0
33.0
1.0
2.0
16.0
16.0
16.0
4.0
10.0
4.0
10.0
36.0
36.0
36.0
36.0
16.0
16.0
16.0
30.0
16.0
10.0
20.0
10.0
36.0
16.0
11.0
4.0
10.0
36.0
22.0
39.0
20.0
10.0
10.0
16.0
4.0
10.0
2.0
22.0
16.0
16.0
19.0
22.0
20.0
11.0
16.0
19.0
2.0
39.0
1.0
22.0
33.0
33.0
2.0
22.0
2.0
22.0
22.0
11.0
10.0
30.0
10.0
37.0
11.0
11.0
11.0
11.0
11.0
10.0
11.0
11.0
22.0
11.0
11.0
11.0
11.0
11.0
11.0
11.0
11.0
11.0
11.0
36.0
1.0
1.0
1.0
37.0
36.0
1.0
1.0
10.0
10.0
1.0
4.0
10.0
10.0
4.0
20.0
1.0
2.0
33.0
36.0
2.0
2.0
11.0
2.0
2.0
20.0
1.0
33.0
10.0
32.0
2.0
30.0
36.0
10.0
10.0
10.0
11.0
11.0
11.0
36.0
11.0
11.0
11.0
10.0
10.0
11.0
16.0
16.0
16.0
20.0
36.0
20.0
4.0
20.0
20.0
36.0
2.0
2.0
22.0
36.0
20.0
11.0
11.0
11.0
11.0
11.0
11.0
11.0
10.0
11.0
11.0
10.0
10.0
10.0
10.0
11.0
11.0
10.0
10.0
11.0
11.0
11.0
11.0
10.0
10.0
10.0
10.0
10.0
11.0
10.0
10.0
10.0
10.0
10.0
4.0
11.0
10.0
11.0
10.0
10.0
11.0
4.0
10.0
1.0
4.0
2.0
10.0
11.0
4.0
4.0
11.0
11.0
4.0
37.0
4.0
4.0
11.0
2.0
10.0
10.0
22.0
33.0
36.0
22.0
10.0
10.0
2.0
10.0
11.0
10.0
10.0
30.0
22.0
4.0
11.0
4.0
11.0
10.0
4.0
4.0
1.0
36.0
36.0
11.0
10.0
11.0
10.0
11.0
33.0
10.0
10.0
11.0
1.0
11.0
36.0
11.0
4.0
10.0
4.0
