35.0
20.0
23.0
4.0
38.0
23.0
37.0
23.0
37.0
37.0
23.0
2.0
20.0
16.0
2.0
16.0
16.0
2.0
4.0
4.0
20.0
4.0
19.0
19.0
19.0
38.0
11.0
19.0
38.0
38.0
19.0
4.0
2.0
20.0
20.0
20.0
2.0
4.0
32.0
4.0
4.0
32.0
20.0
16.0
16.0
16.0
35.0
4.0
35.0
35.0
4.0
35.0
2.0
35.0
35.0
2.0
2.0
4.0
2.0
20.0
35.0
20.0
35.0
4.0
20.0
20.0
4.0
38.0
4.0
38.0
23.0
23.0
23.0
23.0
16.0
16.0
16.0
44.0
16.0
38.0
20.0
38.0
23.0
16.0
38.0
4.0
38.0
23.0
2.0
19.0
20.0
38.0
38.0
16.0
4.0
38.0
35.0
2.0
16.0
16.0
19.0
2.0
20.0
38.0
16.0
19.0
35.0
19.0
37.0
2.0
35.0
35.0
35.0
2.0
35.0
2.0
2.0
38.0
11.0
44.0
11.0
23.0
38.0
38.0
38.0
38.0
38.0
38.0
38.0
38.0
2.0
38.0
38.0
38.0
38.0
38.0
38.0
38.0
38.0
38.0
38.0
23.0
20.0
20.0
23.0
37.0
23.0
20.0
20.0
11.0
37.0
20.0
4.0
38.0
37.0
4.0
20.0
20.0
35.0
35.0
23.0
35.0
35.0
38.0
35.0
35.0
20.0
37.0
35.0
11.0
32.0
35.0
19.0
23.0
38.0
11.0
38.0
38.0
38.0
38.0
23.0
38.0
38.0
38.0
38.0
11.0
38.0
20.0
20.0
20.0
20.0
23.0
20.0
4.0
20.0
20.0
23.0
35.0
35.0
2.0
23.0
20.0
38.0
38.0
38.0
38.0
38.0
38.0
38.0
38.0
38.0
38.0
38.0
38.0
38.0
38.0
38.0
38.0
38.0
38.0
38.0
38.0
38.0
38.0
11.0
38.0
38.0
38.0
11.0
38.0
38.0
38.0
38.0
38.0
38.0
35.0
38.0
38.0
38.0
38.0
38.0
38.0
4.0
38.0
37.0
4.0
35.0
11.0
38.0
35.0
35.0
38.0
38.0
35.0
23.0
4.0
4.0
38.0
35.0
38.0
38.0
2.0
35.0
23.0
2.0
38.0
11.0
35.0
11.0
38.0
38.0
11.0
16.0
2.0
35.0
38.0
4.0
38.0
10.0
4.0
4.0
20.0
23.0
23.0
38.0
38.0
38.0
38.0
38.0
35.0
38.0
37.0
38.0
20.0
38.0
23.0
38.0
4.0
11.0
4.0
