33.0
36.0
23.0
4.0
10.0
20.0
8.0
23.0
37.0
37.0
23.0
20.0
20.0
16.0
20.0
16.0
16.0
20.0
4.0
4.0
20.0
4.0
19.0
19.0
19.0
10.0
10.0
19.0
10.0
10.0
19.0
4.0
20.0
20.0
20.0
20.0
33.0
4.0
20.0
4.0
4.0
20.0
20.0
16.0
16.0
16.0
33.0
4.0
33.0
33.0
4.0
33.0
33.0
33.0
33.0
20.0
33.0
4.0
20.0
20.0
33.0
20.0
33.0
16.0
20.0
20.0
4.0
10.0
4.0
10.0
23.0
23.0
23.0
23.0
16.0
16.0
16.0
30.0
16.0
10.0
20.0
10.0
23.0
20.0
10.0
4.0
10.0
23.0
20.0
19.0
20.0
10.0
10.0
16.0
4.0
10.0
33.0
20.0
16.0
16.0
16.0
20.0
20.0
10.0
16.0
16.0
33.0
19.0
10.0
20.0
33.0
33.0
33.0
20.0
33.0
20.0
20.0
10.0
10.0
30.0
10.0
8.0
11.0
11.0
10.0
10.0
11.0
10.0
10.0
10.0
20.0
10.0
11.0
11.0
11.0
11.0
10.0
10.0
10.0
10.0
10.0
23.0
36.0
20.0
8.0
10.0
36.0
36.0
36.0
10.0
10.0
36.0
4.0
10.0
10.0
4.0
20.0
36.0
33.0
33.0
23.0
33.0
33.0
10.0
33.0
33.0
20.0
10.0
33.0
10.0
20.0
33.0
8.0
23.0
10.0
10.0
10.0
11.0
10.0
10.0
23.0
10.0
10.0
10.0
10.0
10.0
10.0
20.0
20.0
16.0
20.0
23.0
20.0
4.0
16.0
20.0
23.0
33.0
33.0
22.0
23.0
20.0
10.0
10.0
10.0
10.0
10.0
10.0
10.0
10.0
10.0
10.0
10.0
10.0
10.0
10.0
10.0
10.0
10.0
10.0
10.0
10.0
10.0
10.0
10.0
10.0
10.0
10.0
10.0
10.0
10.0
10.0
10.0
10.0
10.0
33.0
10.0
10.0
10.0
10.0
10.0
10.0
4.0
10.0
10.0
4.0
33.0
10.0
10.0
33.0
33.0
10.0
10.0
33.0
8.0
4.0
4.0
10.0
33.0
10.0
10.0
20.0
33.0
23.0
20.0
10.0
10.0
33.0
10.0
10.0
10.0
10.0
16.0
20.0
33.0
11.0
4.0
10.0
10.0
4.0
4.0
20.0
23.0
23.0
11.0
10.0
11.0
10.0
11.0
33.0
10.0
10.0
10.0
36.0
11.0
23.0
11.0
4.0
10.0
4.0
