35.0
36.0
23.0
4.0
10.0
23.0
37.0
23.0
37.0
37.0
23.0
20.0
20.0
16.0
20.0
16.0
16.0
20.0
4.0
4.0
20.0
4.0
20.0
20.0
20.0
10.0
10.0
20.0
10.0
10.0
20.0
4.0
20.0
20.0
20.0
32.0
7.0
4.0
32.0
4.0
4.0
32.0
32.0
16.0
16.0
16.0
35.0
4.0
35.0
35.0
4.0
35.0
3.0
35.0
35.0
20.0
35.0
4.0
20.0
32.0
35.0
36.0
35.0
16.0
16.0
16.0
4.0
10.0
4.0
10.0
23.0
23.0
23.0
23.0
16.0
16.0
16.0
16.0
16.0
10.0
36.0
10.0
23.0
16.0
10.0
4.0
10.0
23.0
20.0
20.0
36.0
10.0
10.0
16.0
4.0
10.0
35.0
20.0
16.0
16.0
16.0
20.0
20.0
10.0
16.0
16.0
35.0
20.0
10.0
20.0
35.0
35.0
35.0
20.0
35.0
20.0
20.0
10.0
10.0
16.0
10.0
23.0
10.0
10.0
10.0
10.0
10.0
10.0
10.0
10.0
20.0
10.0
10.0
10.0
10.0
10.0
10.0
10.0
10.0
10.0
10.0
23.0
36.0
36.0
23.0
10.0
23.0
36.0
36.0
10.0
10.0
36.0
4.0
10.0
10.0
4.0
32.0
36.0
35.0
35.0
23.0
35.0
35.0
10.0
35.0
35.0
20.0
10.0
35.0
10.0
32.0
35.0
8.0
23.0
10.0
10.0
10.0
10.0
10.0
10.0
23.0
10.0
10.0
10.0
10.0
10.0
10.0
16.0
16.0
16.0
16.0
23.0
16.0
4.0
16.0
16.0
23.0
35.0
35.0
7.0
23.0
20.0
10.0
10.0
10.0
10.0
10.0
10.0
10.0
10.0
10.0
10.0
10.0
10.0
10.0
10.0
10.0
10.0
10.0
10.0
10.0
10.0
10.0
10.0
10.0
10.0
10.0
10.0
10.0
10.0
10.0
10.0
10.0
10.0
10.0
35.0
10.0
10.0
10.0
10.0
10.0
10.0
4.0
10.0
10.0
4.0
35.0
10.0
10.0
35.0
35.0
10.0
10.0
35.0
10.0
4.0
4.0
10.0
35.0
10.0
10.0
20.0
35.0
23.0
20.0
10.0
10.0
35.0
10.0
10.0
10.0
10.0
16.0
20.0
35.0
10.0
4.0
10.0
10.0
4.0
4.0
36.0
23.0
23.0
10.0
10.0
10.0
10.0
10.0
4.0
10.0
10.0
10.0
36.0
10.0
23.0
10.0
26.0
10.0
4.0
