2.0
44.0
36.0
4.0
10.0
37.0
37.0
36.0
37.0
37.0
37.0
20.0
16.0
16.0
20.0
16.0
16.0
20.0
4.0
4.0
16.0
4.0
19.0
19.0
19.0
10.0
10.0
19.0
38.0
10.0
19.0
16.0
20.0
16.0
16.0
16.0
2.0
4.0
16.0
4.0
4.0
16.0
16.0
16.0
16.0
16.0
15.0
16.0
15.0
15.0
16.0
2.0
2.0
15.0
15.0
20.0
2.0
4.0
20.0
16.0
15.0
44.0
15.0
16.0
16.0
16.0
16.0
10.0
4.0
10.0
36.0
37.0
36.0
36.0
16.0
16.0
16.0
30.0
16.0
10.0
16.0
10.0
36.0
16.0
10.0
4.0
10.0
36.0
20.0
19.0
16.0
10.0
10.0
16.0
16.0
10.0
2.0
20.0
16.0
16.0
19.0
20.0
16.0
10.0
16.0
30.0
2.0
39.0
37.0
20.0
15.0
15.0
2.0
20.0
2.0
20.0
20.0
10.0
10.0
30.0
10.0
37.0
38.0
38.0
38.0
10.0
38.0
10.0
38.0
38.0
20.0
10.0
38.0
38.0
38.0
38.0
38.0
10.0
10.0
38.0
10.0
36.0
44.0
16.0
37.0
37.0
36.0
44.0
44.0
10.0
10.0
44.0
4.0
10.0
37.0
4.0
16.0
44.0
15.0
2.0
36.0
15.0
15.0
10.0
15.0
15.0
16.0
10.0
2.0
10.0
16.0
15.0
30.0
36.0
10.0
10.0
10.0
38.0
10.0
38.0
36.0
10.0
10.0
10.0
10.0
10.0
38.0
16.0
16.0
16.0
16.0
37.0
16.0
4.0
16.0
16.0
37.0
2.0
2.0
2.0
36.0
16.0
10.0
10.0
10.0
10.0
10.0
10.0
10.0
10.0
38.0
10.0
10.0
10.0
10.0
10.0
38.0
38.0
10.0
10.0
38.0
38.0
38.0
38.0
10.0
10.0
10.0
10.0
10.0
10.0
10.0
10.0
10.0
10.0
10.0
4.0
10.0
10.0
38.0
10.0
10.0
10.0
4.0
10.0
37.0
4.0
2.0
10.0
10.0
4.0
4.0
10.0
10.0
4.0
37.0
4.0
4.0
10.0
15.0
10.0
10.0
20.0
2.0
37.0
20.0
10.0
10.0
2.0
10.0
10.0
10.0
10.0
30.0
20.0
15.0
38.0
4.0
38.0
10.0
4.0
4.0
44.0
36.0
36.0
38.0
10.0
38.0
10.0
38.0
2.0
10.0
10.0
38.0
36.0
38.0
36.0
38.0
20.0
10.0
4.0
