33.0
36.0
23.0
4.0
11.0
23.0
37.0
23.0
37.0
37.0
23.0
16.0
16.0
16.0
20.0
16.0
16.0
20.0
4.0
4.0
16.0
4.0
19.0
19.0
19.0
10.0
10.0
19.0
11.0
11.0
19.0
4.0
20.0
16.0
16.0
16.0
2.0
4.0
16.0
4.0
4.0
16.0
16.0
16.0
16.0
16.0
33.0
4.0
33.0
33.0
4.0
33.0
33.0
33.0
33.0
20.0
33.0
4.0
20.0
16.0
33.0
1.0
33.0
16.0
16.0
16.0
16.0
11.0
4.0
10.0
23.0
23.0
23.0
23.0
16.0
16.0
16.0
30.0
16.0
11.0
16.0
10.0
23.0
16.0
11.0
4.0
11.0
23.0
20.0
19.0
1.0
11.0
10.0
16.0
4.0
10.0
33.0
20.0
16.0
16.0
16.0
20.0
16.0
11.0
16.0
16.0
33.0
20.0
10.0
20.0
33.0
33.0
33.0
20.0
33.0
20.0
20.0
11.0
10.0
30.0
10.0
25.0
11.0
11.0
11.0
11.0
11.0
11.0
11.0
11.0
20.0
11.0
11.0
11.0
11.0
11.0
11.0
11.0
11.0
11.0
11.0
23.0
1.0
16.0
25.0
10.0
36.0
1.0
1.0
10.0
10.0
1.0
4.0
10.0
10.0
4.0
16.0
1.0
33.0
33.0
36.0
33.0
33.0
11.0
33.0
33.0
16.0
10.0
33.0
10.0
16.0
33.0
30.0
23.0
11.0
10.0
11.0
11.0
11.0
11.0
23.0
11.0
11.0
11.0
10.0
10.0
11.0
16.0
16.0
16.0
16.0
23.0
16.0
4.0
16.0
16.0
23.0
33.0
33.0
2.0
23.0
16.0
11.0
11.0
11.0
11.0
11.0
11.0
11.0
11.0
11.0
11.0
11.0
11.0
11.0
11.0
11.0
11.0
10.0
11.0
11.0
11.0
11.0
11.0
10.0
10.0
11.0
10.0
10.0
11.0
10.0
11.0
11.0
11.0
10.0
33.0
11.0
11.0
11.0
11.0
11.0
11.0
4.0
10.0
10.0
4.0
33.0
10.0
11.0
33.0
33.0
11.0
11.0
33.0
37.0
4.0
4.0
11.0
33.0
10.0
11.0
20.0
33.0
23.0
20.0
11.0
10.0
33.0
10.0
11.0
10.0
10.0
16.0
20.0
33.0
11.0
4.0
11.0
10.0
4.0
4.0
1.0
23.0
23.0
11.0
11.0
11.0
11.0
11.0
33.0
11.0
10.0
11.0
1.0
11.0
23.0
11.0
4.0
10.0
4.0
