2.0
36.0
36.0
4.0
10.0
36.0
37.0
36.0
37.0
37.0
36.0
16.0
16.0
16.0
39.0
16.0
16.0
39.0
4.0
4.0
16.0
4.0
39.0
39.0
39.0
10.0
10.0
39.0
10.0
10.0
39.0
4.0
39.0
16.0
16.0
16.0
2.0
4.0
16.0
32.0
4.0
16.0
16.0
16.0
16.0
16.0
2.0
16.0
15.0
2.0
4.0
2.0
4.0
15.0
15.0
39.0
2.0
4.0
39.0
16.0
15.0
36.0
15.0
16.0
16.0
16.0
16.0
10.0
4.0
10.0
36.0
36.0
36.0
36.0
16.0
16.0
16.0
30.0
16.0
10.0
16.0
10.0
36.0
16.0
10.0
4.0
10.0
36.0
39.0
39.0
16.0
10.0
10.0
16.0
16.0
10.0
2.0
39.0
16.0
16.0
39.0
39.0
16.0
10.0
16.0
39.0
2.0
39.0
10.0
16.0
15.0
2.0
2.0
39.0
2.0
39.0
39.0
10.0
10.0
30.0
10.0
36.0
10.0
10.0
10.0
10.0
10.0
10.0
10.0
10.0
39.0
10.0
10.0
10.0
10.0
10.0
10.0
10.0
10.0
10.0
10.0
36.0
36.0
16.0
36.0
10.0
36.0
36.0
36.0
10.0
10.0
36.0
4.0
10.0
10.0
4.0
16.0
36.0
15.0
2.0
36.0
15.0
2.0
10.0
2.0
2.0
16.0
10.0
2.0
10.0
16.0
15.0
30.0
36.0
10.0
10.0
10.0
10.0
10.0
10.0
36.0
10.0
10.0
10.0
10.0
10.0
10.0
16.0
16.0
16.0
16.0
36.0
16.0
4.0
16.0
16.0
36.0
2.0
2.0
7.0
36.0
16.0
10.0
10.0
10.0
10.0
10.0
10.0
10.0
10.0
10.0
10.0
10.0
10.0
10.0
10.0
10.0
10.0
10.0
10.0
10.0
10.0
10.0
10.0
10.0
10.0
10.0
10.0
10.0
10.0
10.0
10.0
10.0
10.0
10.0
15.0
10.0
10.0
10.0
10.0
10.0
10.0
4.0
10.0
10.0
4.0
2.0
10.0
10.0
15.0
15.0
10.0
10.0
15.0
36.0
4.0
4.0
10.0
15.0
10.0
10.0
39.0
2.0
36.0
39.0
10.0
10.0
2.0
10.0
10.0
10.0
10.0
30.0
39.0
15.0
10.0
4.0
10.0
10.0
4.0
4.0
36.0
36.0
36.0
10.0
10.0
10.0
10.0
10.0
2.0
10.0
10.0
10.0
36.0
10.0
36.0
10.0
4.0
10.0
4.0
