15.0
44.0
23.0
4.0
10.0
23.0
43.0
23.0
43.0
43.0
23.0
19.0
16.0
16.0
19.0
16.0
16.0
19.0
4.0
4.0
16.0
4.0
39.0
39.0
39.0
10.0
10.0
39.0
10.0
10.0
39.0
4.0
19.0
16.0
16.0
16.0
33.0
4.0
16.0
4.0
4.0
16.0
16.0
16.0
16.0
16.0
15.0
4.0
15.0
15.0
4.0
33.0
33.0
15.0
15.0
19.0
33.0
4.0
19.0
16.0
15.0
44.0
15.0
16.0
16.0
16.0
16.0
10.0
4.0
10.0
23.0
23.0
23.0
23.0
16.0
16.0
16.0
30.0
16.0
10.0
16.0
10.0
23.0
16.0
10.0
4.0
10.0
23.0
19.0
39.0
44.0
10.0
10.0
16.0
4.0
10.0
15.0
19.0
16.0
16.0
16.0
19.0
16.0
10.0
16.0
16.0
15.0
39.0
43.0
19.0
15.0
15.0
15.0
19.0
15.0
19.0
19.0
10.0
10.0
30.0
10.0
43.0
10.0
10.0
10.0
10.0
10.0
10.0
10.0
10.0
19.0
10.0
10.0
10.0
10.0
10.0
10.0
10.0
10.0
10.0
10.0
23.0
44.0
44.0
43.0
43.0
23.0
44.0
44.0
10.0
43.0
44.0
4.0
10.0
43.0
4.0
16.0
44.0
15.0
15.0
23.0
15.0
15.0
10.0
15.0
15.0
16.0
43.0
4.0
10.0
16.0
15.0
30.0
23.0
10.0
10.0
10.0
11.0
10.0
10.0
23.0
10.0
10.0
10.0
10.0
10.0
10.0
16.0
16.0
16.0
16.0
23.0
16.0
4.0
16.0
16.0
23.0
15.0
15.0
19.0
23.0
16.0
10.0
10.0
10.0
10.0
10.0
10.0
10.0
10.0
10.0
10.0
10.0
10.0
10.0
10.0
10.0
10.0
10.0
10.0
10.0
10.0
10.0
10.0
10.0
10.0
10.0
10.0
43.0
10.0
10.0
10.0
10.0
10.0
10.0
15.0
10.0
10.0
10.0
10.0
10.0
10.0
4.0
10.0
43.0
4.0
15.0
10.0
10.0
15.0
15.0
10.0
10.0
4.0
23.0
4.0
4.0
10.0
15.0
10.0
10.0
19.0
15.0
23.0
19.0
10.0
10.0
15.0
10.0
10.0
10.0
10.0
16.0
19.0
15.0
11.0
4.0
10.0
10.0
4.0
4.0
44.0
23.0
23.0
10.0
10.0
10.0
10.0
10.0
4.0
10.0
43.0
10.0
44.0
10.0
23.0
10.0
16.0
10.0
4.0
