33.0
37.0
23.0
4.0
7.0
23.0
43.0
23.0
43.0
43.0
23.0
20.0
20.0
16.0
20.0
16.0
16.0
20.0
4.0
4.0
20.0
4.0
19.0
19.0
19.0
7.0
7.0
19.0
45.0
45.0
19.0
4.0
20.0
20.0
20.0
20.0
2.0
4.0
20.0
4.0
4.0
20.0
20.0
16.0
16.0
16.0
33.0
4.0
33.0
33.0
4.0
33.0
33.0
33.0
33.0
2.0
33.0
33.0
20.0
20.0
33.0
37.0
33.0
16.0
20.0
20.0
4.0
45.0
33.0
7.0
23.0
23.0
23.0
23.0
16.0
16.0
16.0
30.0
16.0
45.0
20.0
7.0
23.0
16.0
45.0
4.0
45.0
23.0
20.0
19.0
20.0
45.0
7.0
16.0
4.0
7.0
33.0
2.0
16.0
16.0
16.0
20.0
20.0
45.0
16.0
16.0
33.0
19.0
25.0
20.0
33.0
33.0
33.0
20.0
33.0
20.0
20.0
45.0
7.0
30.0
7.0
43.0
45.0
45.0
45.0
45.0
45.0
45.0
45.0
45.0
2.0
45.0
45.0
45.0
45.0
45.0
45.0
45.0
45.0
45.0
45.0
23.0
44.0
44.0
23.0
43.0
23.0
37.0
20.0
7.0
43.0
20.0
4.0
7.0
25.0
4.0
20.0
37.0
33.0
33.0
23.0
33.0
33.0
45.0
33.0
33.0
20.0
25.0
33.0
7.0
20.0
33.0
8.0
23.0
45.0
7.0
45.0
45.0
45.0
45.0
23.0
45.0
45.0
45.0
7.0
7.0
45.0
20.0
20.0
20.0
20.0
23.0
20.0
4.0
20.0
20.0
23.0
33.0
33.0
2.0
23.0
44.0
45.0
45.0
45.0
45.0
45.0
45.0
45.0
45.0
45.0
45.0
45.0
45.0
45.0
45.0
45.0
45.0
7.0
7.0
45.0
45.0
45.0
45.0
7.0
7.0
45.0
7.0
7.0
45.0
7.0
45.0
45.0
45.0
7.0
33.0
45.0
45.0
45.0
45.0
45.0
45.0
4.0
7.0
25.0
4.0
33.0
7.0
45.0
33.0
33.0
45.0
45.0
33.0
25.0
33.0
33.0
45.0
33.0
7.0
45.0
2.0
33.0
23.0
20.0
7.0
7.0
33.0
7.0
45.0
7.0
7.0
16.0
2.0
33.0
45.0
4.0
45.0
43.0
4.0
33.0
37.0
23.0
23.0
45.0
45.0
45.0
45.0
45.0
33.0
45.0
25.0
45.0
37.0
45.0
23.0
45.0
4.0
7.0
4.0
