33.0
34.0
1.0
4.0
10.0
37.0
37.0
1.0
37.0
37.0
37.0
20.0
20.0
20.0
20.0
20.0
20.0
20.0
4.0
4.0
20.0
4.0
19.0
19.0
19.0
10.0
10.0
19.0
10.0
10.0
19.0
4.0
20.0
34.0
34.0
20.0
2.0
4.0
34.0
4.0
4.0
34.0
34.0
20.0
20.0
20.0
33.0
4.0
33.0
33.0
4.0
33.0
15.0
33.0
33.0
20.0
15.0
4.0
20.0
34.0
33.0
34.0
33.0
20.0
20.0
20.0
4.0
10.0
4.0
10.0
1.0
1.0
1.0
1.0
20.0
20.0
20.0
30.0
20.0
10.0
34.0
10.0
1.0
20.0
10.0
4.0
10.0
1.0
20.0
19.0
34.0
10.0
10.0
20.0
4.0
10.0
33.0
20.0
20.0
20.0
16.0
20.0
34.0
10.0
20.0
16.0
33.0
19.0
1.0
20.0
33.0
33.0
33.0
20.0
33.0
20.0
20.0
10.0
10.0
30.0
10.0
1.0
10.0
10.0
10.0
10.0
10.0
10.0
10.0
10.0
20.0
10.0
10.0
10.0
10.0
10.0
10.0
10.0
10.0
10.0
10.0
1.0
34.0
34.0
1.0
1.0
1.0
34.0
34.0
10.0
10.0
34.0
4.0
10.0
37.0
4.0
34.0
34.0
33.0
33.0
1.0
33.0
33.0
10.0
33.0
33.0
34.0
1.0
15.0
10.0
34.0
33.0
30.0
1.0
10.0
10.0
10.0
10.0
10.0
10.0
1.0
10.0
10.0
10.0
10.0
10.0
10.0
20.0
20.0
20.0
20.0
1.0
20.0
4.0
20.0
20.0
1.0
33.0
33.0
2.0
1.0
34.0
10.0
10.0
10.0
10.0
10.0
10.0
10.0
10.0
10.0
10.0
10.0
10.0
10.0
10.0
10.0
10.0
10.0
10.0
10.0
10.0
10.0
10.0
10.0
10.0
10.0
10.0
10.0
10.0
10.0
10.0
10.0
10.0
10.0
33.0
10.0
10.0
10.0
10.0
10.0
10.0
4.0
10.0
1.0
4.0
33.0
10.0
10.0
33.0
33.0
10.0
10.0
33.0
1.0
33.0
4.0
10.0
33.0
10.0
10.0
20.0
33.0
1.0
20.0
10.0
10.0
33.0
10.0
10.0
10.0
10.0
16.0
20.0
33.0
10.0
4.0
10.0
10.0
4.0
4.0
34.0
1.0
1.0
10.0
10.0
10.0
10.0
10.0
33.0
10.0
1.0
10.0
34.0
10.0
1.0
10.0
20.0
10.0
4.0
