4.0
37.0
23.0
4.0
38.0
23.0
37.0
23.0
37.0
37.0
23.0
2.0
16.0
16.0
2.0
16.0
16.0
20.0
4.0
4.0
16.0
4.0
19.0
19.0
19.0
10.0
10.0
19.0
38.0
38.0
19.0
4.0
2.0
16.0
16.0
16.0
2.0
4.0
16.0
4.0
4.0
16.0
16.0
16.0
16.0
16.0
4.0
4.0
4.0
4.0
4.0
2.0
26.0
4.0
4.0
2.0
2.0
4.0
20.0
16.0
4.0
37.0
4.0
16.0
16.0
16.0
4.0
38.0
4.0
38.0
23.0
23.0
23.0
23.0
16.0
16.0
16.0
4.0
16.0
38.0
16.0
10.0
23.0
16.0
38.0
4.0
38.0
23.0
20.0
19.0
37.0
38.0
38.0
16.0
4.0
38.0
33.0
2.0
16.0
16.0
16.0
2.0
16.0
38.0
16.0
16.0
33.0
19.0
10.0
2.0
4.0
4.0
33.0
20.0
33.0
20.0
2.0
38.0
10.0
4.0
10.0
8.0
38.0
38.0
38.0
38.0
38.0
38.0
38.0
38.0
2.0
38.0
38.0
38.0
38.0
38.0
38.0
38.0
38.0
38.0
38.0
23.0
37.0
16.0
37.0
8.0
23.0
37.0
37.0
10.0
10.0
37.0
4.0
38.0
10.0
4.0
16.0
37.0
4.0
4.0
23.0
4.0
33.0
38.0
33.0
33.0
16.0
10.0
2.0
10.0
16.0
4.0
8.0
23.0
38.0
10.0
38.0
38.0
38.0
38.0
8.0
38.0
38.0
38.0
38.0
10.0
38.0
16.0
16.0
16.0
16.0
23.0
16.0
4.0
16.0
16.0
23.0
4.0
4.0
2.0
23.0
16.0
38.0
38.0
38.0
38.0
38.0
38.0
38.0
38.0
38.0
38.0
38.0
38.0
38.0
38.0
38.0
38.0
38.0
38.0
38.0
38.0
38.0
38.0
10.0
38.0
38.0
38.0
10.0
38.0
38.0
38.0
38.0
38.0
38.0
4.0
38.0
38.0
38.0
38.0
38.0
38.0
4.0
38.0
10.0
4.0
4.0
10.0
38.0
4.0
4.0
38.0
38.0
4.0
8.0
4.0
4.0
38.0
4.0
38.0
38.0
2.0
4.0
23.0
2.0
38.0
10.0
2.0
10.0
38.0
38.0
10.0
16.0
2.0
4.0
38.0
4.0
38.0
10.0
4.0
4.0
37.0
23.0
23.0
38.0
38.0
38.0
38.0
38.0
4.0
38.0
10.0
38.0
37.0
38.0
23.0
38.0
26.0
10.0
4.0
