3.0
36.0
23.0
4.0
45.0
23.0
10.0
23.0
10.0
10.0
23.0
2.0
16.0
16.0
2.0
16.0
16.0
2.0
4.0
4.0
16.0
4.0
39.0
39.0
39.0
10.0
10.0
39.0
45.0
45.0
39.0
16.0
2.0
16.0
16.0
16.0
2.0
4.0
16.0
4.0
4.0
16.0
16.0
16.0
16.0
16.0
3.0
16.0
3.0
3.0
16.0
2.0
8.0
3.0
3.0
2.0
2.0
4.0
2.0
16.0
3.0
36.0
3.0
16.0
16.0
16.0
16.0
45.0
4.0
10.0
23.0
23.0
23.0
23.0
16.0
16.0
16.0
16.0
16.0
45.0
16.0
10.0
23.0
16.0
45.0
4.0
45.0
23.0
7.0
39.0
20.0
45.0
10.0
16.0
16.0
10.0
3.0
2.0
16.0
16.0
16.0
2.0
16.0
45.0
16.0
16.0
3.0
39.0
10.0
2.0
3.0
3.0
3.0
2.0
3.0
2.0
2.0
45.0
10.0
16.0
10.0
48.0
45.0
45.0
45.0
45.0
45.0
45.0
45.0
45.0
2.0
45.0
45.0
45.0
45.0
45.0
45.0
45.0
45.0
45.0
45.0
23.0
36.0
16.0
23.0
10.0
23.0
36.0
36.0
10.0
10.0
36.0
4.0
10.0
10.0
4.0
16.0
36.0
3.0
3.0
23.0
3.0
3.0
45.0
3.0
3.0
16.0
10.0
3.0
10.0
16.0
3.0
8.0
23.0
45.0
10.0
45.0
45.0
45.0
45.0
23.0
45.0
45.0
45.0
10.0
10.0
45.0
16.0
16.0
16.0
16.0
23.0
16.0
4.0
16.0
16.0
23.0
3.0
3.0
2.0
23.0
16.0
45.0
45.0
45.0
45.0
45.0
45.0
45.0
45.0
45.0
45.0
45.0
45.0
45.0
45.0
45.0
45.0
10.0
45.0
45.0
45.0
45.0
45.0
10.0
10.0
45.0
10.0
10.0
45.0
10.0
45.0
45.0
45.0
45.0
4.0
45.0
45.0
45.0
45.0
45.0
45.0
4.0
10.0
10.0
4.0
3.0
10.0
45.0
3.0
3.0
45.0
45.0
4.0
10.0
4.0
4.0
45.0
3.0
10.0
45.0
2.0
3.0
23.0
2.0
45.0
10.0
3.0
10.0
45.0
45.0
10.0
16.0
2.0
3.0
45.0
4.0
45.0
10.0
4.0
4.0
36.0
23.0
23.0
45.0
45.0
45.0
45.0
45.0
3.0
45.0
10.0
45.0
36.0
45.0
23.0
45.0
4.0
10.0
4.0
