33.0
34.0
36.0
4.0
10.0
34.0
25.0
36.0
8.0
8.0
43.0
7.0
20.0
16.0
7.0
16.0
16.0
7.0
4.0
4.0
20.0
4.0
19.0
19.0
19.0
10.0
10.0
19.0
38.0
38.0
19.0
4.0
7.0
20.0
20.0
20.0
8.0
4.0
20.0
4.0
4.0
20.0
20.0
16.0
16.0
16.0
33.0
4.0
33.0
33.0
4.0
2.0
2.0
33.0
33.0
7.0
2.0
33.0
7.0
20.0
33.0
34.0
33.0
20.0
20.0
20.0
4.0
10.0
33.0
10.0
36.0
25.0
36.0
36.0
16.0
16.0
16.0
30.0
16.0
10.0
20.0
10.0
36.0
20.0
38.0
4.0
10.0
36.0
10.0
19.0
44.0
10.0
10.0
16.0
4.0
10.0
33.0
7.0
16.0
16.0
19.0
7.0
44.0
38.0
16.0
30.0
33.0
19.0
25.0
7.0
33.0
33.0
33.0
7.0
33.0
7.0
7.0
38.0
10.0
30.0
10.0
25.0
38.0
38.0
38.0
38.0
38.0
10.0
38.0
38.0
7.0
38.0
38.0
38.0
38.0
38.0
38.0
38.0
38.0
38.0
38.0
36.0
34.0
44.0
25.0
25.0
36.0
34.0
44.0
10.0
10.0
44.0
4.0
10.0
8.0
4.0
20.0
34.0
33.0
33.0
36.0
33.0
33.0
38.0
33.0
33.0
20.0
25.0
33.0
10.0
20.0
33.0
8.0
36.0
10.0
10.0
38.0
38.0
38.0
38.0
36.0
38.0
38.0
38.0
10.0
10.0
38.0
20.0
20.0
20.0
20.0
36.0
20.0
4.0
20.0
20.0
36.0
33.0
33.0
7.0
36.0
44.0
38.0
38.0
38.0
38.0
38.0
38.0
38.0
38.0
38.0
38.0
10.0
10.0
10.0
10.0
38.0
38.0
10.0
10.0
38.0
38.0
38.0
38.0
10.0
10.0
10.0
10.0
10.0
38.0
10.0
10.0
38.0
10.0
10.0
33.0
38.0
10.0
38.0
10.0
10.0
38.0
4.0
10.0
25.0
4.0
33.0
10.0
38.0
33.0
33.0
38.0
38.0
33.0
25.0
33.0
33.0
38.0
33.0
10.0
10.0
7.0
33.0
36.0
7.0
10.0
10.0
33.0
10.0
38.0
10.0
10.0
30.0
7.0
33.0
38.0
4.0
38.0
10.0
4.0
33.0
44.0
36.0
36.0
38.0
10.0
38.0
10.0
38.0
33.0
10.0
10.0
38.0
34.0
38.0
36.0
38.0
20.0
10.0
4.0
