2.0
20.0
23.0
4.0
10.0
23.0
37.0
23.0
37.0
37.0
23.0
20.0
20.0
16.0
20.0
16.0
16.0
20.0
4.0
4.0
20.0
4.0
19.0
19.0
19.0
10.0
10.0
19.0
10.0
10.0
19.0
4.0
20.0
20.0
20.0
32.0
2.0
4.0
32.0
32.0
4.0
32.0
32.0
16.0
16.0
16.0
2.0
4.0
2.0
2.0
4.0
2.0
26.0
2.0
2.0
20.0
2.0
4.0
20.0
32.0
2.0
20.0
2.0
16.0
16.0
16.0
4.0
10.0
4.0
10.0
23.0
23.0
23.0
23.0
16.0
16.0
16.0
34.0
16.0
10.0
20.0
10.0
23.0
16.0
10.0
4.0
10.0
23.0
20.0
19.0
20.0
10.0
10.0
16.0
4.0
10.0
2.0
20.0
16.0
16.0
16.0
20.0
20.0
10.0
16.0
16.0
2.0
19.0
10.0
20.0
2.0
2.0
2.0
20.0
2.0
20.0
20.0
10.0
10.0
34.0
10.0
10.0
10.0
11.0
10.0
10.0
11.0
10.0
10.0
10.0
20.0
10.0
10.0
10.0
10.0
10.0
10.0
10.0
10.0
10.0
10.0
23.0
20.0
20.0
23.0
10.0
36.0
20.0
20.0
10.0
10.0
20.0
4.0
10.0
10.0
4.0
32.0
20.0
2.0
2.0
36.0
2.0
2.0
10.0
2.0
2.0
20.0
10.0
2.0
10.0
32.0
2.0
8.0
23.0
10.0
10.0
10.0
11.0
10.0
10.0
23.0
10.0
10.0
10.0
10.0
10.0
10.0
16.0
16.0
16.0
16.0
23.0
16.0
4.0
16.0
16.0
23.0
2.0
2.0
2.0
23.0
20.0
10.0
10.0
10.0
10.0
10.0
10.0
10.0
10.0
10.0
10.0
10.0
10.0
10.0
10.0
10.0
10.0
10.0
10.0
10.0
10.0
10.0
10.0
10.0
10.0
10.0
10.0
10.0
10.0
10.0
10.0
10.0
10.0
10.0
2.0
10.0
10.0
10.0
10.0
10.0
10.0
4.0
10.0
10.0
4.0
2.0
10.0
10.0
2.0
2.0
10.0
10.0
2.0
10.0
4.0
4.0
10.0
2.0
10.0
10.0
20.0
2.0
23.0
20.0
10.0
10.0
2.0
10.0
10.0
10.0
10.0
16.0
20.0
2.0
11.0
4.0
10.0
10.0
4.0
4.0
20.0
23.0
23.0
10.0
10.0
10.0
10.0
10.0
2.0
10.0
10.0
10.0
36.0
11.0
36.0
11.0
26.0
10.0
4.0
