4.0
36.0
23.0
4.0
10.0
37.0
37.0
23.0
37.0
37.0
37.0
7.0
16.0
16.0
7.0
16.0
16.0
20.0
4.0
4.0
16.0
4.0
39.0
39.0
39.0
10.0
10.0
39.0
45.0
45.0
39.0
4.0
20.0
16.0
16.0
16.0
7.0
4.0
32.0
4.0
4.0
32.0
16.0
16.0
16.0
16.0
4.0
4.0
4.0
4.0
4.0
33.0
4.0
4.0
4.0
7.0
3.0
4.0
7.0
16.0
4.0
36.0
4.0
16.0
16.0
16.0
16.0
10.0
4.0
10.0
23.0
37.0
37.0
37.0
16.0
16.0
16.0
8.0
16.0
10.0
16.0
10.0
23.0
16.0
45.0
4.0
10.0
23.0
7.0
39.0
36.0
10.0
10.0
16.0
4.0
10.0
4.0
7.0
16.0
16.0
39.0
7.0
16.0
45.0
16.0
39.0
4.0
39.0
10.0
7.0
4.0
4.0
4.0
7.0
33.0
7.0
7.0
45.0
10.0
8.0
10.0
37.0
45.0
45.0
45.0
45.0
45.0
45.0
45.0
45.0
7.0
45.0
45.0
45.0
45.0
45.0
45.0
45.0
45.0
45.0
45.0
23.0
36.0
16.0
37.0
37.0
36.0
36.0
16.0
10.0
10.0
36.0
4.0
10.0
10.0
4.0
16.0
36.0
4.0
4.0
36.0
4.0
4.0
45.0
4.0
4.0
16.0
10.0
4.0
10.0
4.0
4.0
8.0
37.0
10.0
10.0
45.0
45.0
45.0
45.0
37.0
45.0
45.0
45.0
10.0
10.0
45.0
16.0
16.0
16.0
16.0
23.0
16.0
4.0
16.0
16.0
37.0
4.0
4.0
7.0
23.0
16.0
45.0
45.0
45.0
45.0
45.0
45.0
45.0
45.0
45.0
45.0
45.0
10.0
10.0
10.0
45.0
45.0
10.0
10.0
45.0
45.0
45.0
45.0
10.0
10.0
10.0
10.0
10.0
45.0
10.0
10.0
45.0
45.0
10.0
4.0
45.0
45.0
45.0
45.0
45.0
45.0
4.0
10.0
10.0
4.0
33.0
10.0
45.0
4.0
4.0
45.0
45.0
4.0
10.0
4.0
4.0
45.0
4.0
10.0
10.0
7.0
4.0
37.0
7.0
10.0
10.0
3.0
10.0
45.0
10.0
10.0
16.0
7.0
4.0
45.0
4.0
45.0
10.0
4.0
4.0
36.0
23.0
23.0
45.0
10.0
45.0
10.0
45.0
4.0
10.0
10.0
45.0
36.0
45.0
23.0
45.0
4.0
10.0
4.0
