3.0
20.0
23.0
4.0
10.0
23.0
37.0
23.0
37.0
37.0
23.0
19.0
16.0
16.0
19.0
16.0
16.0
19.0
4.0
4.0
16.0
4.0
19.0
19.0
19.0
10.0
10.0
19.0
45.0
45.0
19.0
4.0
19.0
16.0
16.0
16.0
8.0
4.0
16.0
4.0
4.0
16.0
16.0
16.0
16.0
16.0
33.0
4.0
33.0
33.0
4.0
3.0
8.0
33.0
33.0
19.0
3.0
4.0
19.0
16.0
33.0
20.0
33.0
16.0
16.0
16.0
16.0
45.0
4.0
10.0
23.0
23.0
25.0
23.0
16.0
16.0
16.0
30.0
16.0
45.0
16.0
10.0
23.0
16.0
45.0
4.0
45.0
23.0
19.0
19.0
16.0
45.0
10.0
16.0
16.0
10.0
33.0
19.0
16.0
16.0
16.0
19.0
16.0
45.0
16.0
16.0
33.0
19.0
10.0
19.0
3.0
33.0
33.0
19.0
33.0
19.0
19.0
45.0
10.0
30.0
10.0
37.0
45.0
45.0
45.0
45.0
45.0
45.0
45.0
45.0
19.0
45.0
45.0
45.0
45.0
45.0
45.0
45.0
45.0
45.0
45.0
23.0
16.0
16.0
25.0
37.0
23.0
44.0
16.0
10.0
10.0
16.0
4.0
10.0
10.0
16.0
16.0
20.0
33.0
3.0
23.0
33.0
33.0
45.0
33.0
33.0
16.0
10.0
3.0
10.0
16.0
33.0
30.0
25.0
45.0
10.0
45.0
45.0
45.0
45.0
25.0
45.0
45.0
45.0
10.0
10.0
45.0
16.0
16.0
16.0
16.0
23.0
16.0
4.0
16.0
16.0
37.0
3.0
33.0
19.0
23.0
16.0
45.0
45.0
45.0
45.0
45.0
45.0
45.0
45.0
45.0
45.0
45.0
45.0
45.0
45.0
45.0
45.0
10.0
10.0
45.0
45.0
45.0
45.0
10.0
10.0
45.0
10.0
10.0
45.0
10.0
45.0
45.0
45.0
10.0
33.0
45.0
45.0
45.0
45.0
45.0
45.0
4.0
10.0
37.0
4.0
3.0
10.0
45.0
33.0
33.0
45.0
45.0
33.0
37.0
4.0
4.0
45.0
33.0
10.0
45.0
19.0
3.0
23.0
19.0
45.0
10.0
3.0
10.0
45.0
10.0
10.0
16.0
19.0
33.0
45.0
4.0
45.0
10.0
4.0
4.0
20.0
23.0
23.0
45.0
45.0
45.0
45.0
45.0
3.0
45.0
10.0
45.0
44.0
45.0
23.0
45.0
4.0
10.0
4.0
