4.0
36.0
23.0
4.0
10.0
23.0
1.0
23.0
8.0
8.0
23.0
20.0
16.0
16.0
20.0
16.0
16.0
20.0
4.0
4.0
16.0
4.0
19.0
19.0
19.0
10.0
10.0
19.0
45.0
45.0
19.0
4.0
20.0
16.0
16.0
16.0
7.0
4.0
16.0
4.0
4.0
16.0
16.0
16.0
16.0
16.0
4.0
4.0
4.0
4.0
4.0
4.0
4.0
4.0
4.0
20.0
33.0
4.0
20.0
16.0
4.0
36.0
4.0
16.0
16.0
16.0
16.0
10.0
4.0
10.0
23.0
23.0
23.0
23.0
16.0
16.0
16.0
8.0
16.0
10.0
16.0
10.0
23.0
16.0
45.0
4.0
10.0
23.0
20.0
19.0
16.0
10.0
10.0
16.0
4.0
10.0
33.0
20.0
16.0
16.0
16.0
20.0
16.0
45.0
16.0
16.0
33.0
19.0
1.0
20.0
4.0
4.0
33.0
20.0
33.0
20.0
20.0
45.0
10.0
8.0
10.0
1.0
45.0
45.0
45.0
45.0
45.0
10.0
45.0
45.0
20.0
45.0
45.0
45.0
45.0
45.0
45.0
45.0
45.0
45.0
45.0
23.0
36.0
16.0
1.0
1.0
23.0
36.0
36.0
10.0
10.0
36.0
4.0
10.0
1.0
4.0
16.0
36.0
4.0
4.0
23.0
4.0
33.0
45.0
33.0
33.0
16.0
1.0
4.0
10.0
16.0
4.0
8.0
23.0
10.0
10.0
10.0
45.0
45.0
45.0
23.0
45.0
45.0
45.0
10.0
10.0
45.0
16.0
16.0
16.0
16.0
23.0
16.0
4.0
16.0
16.0
23.0
4.0
4.0
7.0
23.0
16.0
45.0
45.0
45.0
45.0
45.0
45.0
45.0
10.0
45.0
45.0
10.0
10.0
10.0
10.0
45.0
45.0
10.0
10.0
45.0
45.0
45.0
45.0
10.0
10.0
10.0
10.0
10.0
45.0
10.0
10.0
10.0
10.0
10.0
4.0
45.0
10.0
45.0
10.0
10.0
45.0
4.0
10.0
1.0
4.0
33.0
10.0
45.0
4.0
4.0
45.0
45.0
4.0
1.0
4.0
4.0
45.0
4.0
10.0
10.0
20.0
4.0
23.0
20.0
10.0
10.0
3.0
10.0
45.0
10.0
10.0
16.0
20.0
4.0
45.0
4.0
45.0
10.0
4.0
4.0
36.0
23.0
23.0
45.0
10.0
45.0
10.0
45.0
4.0
10.0
10.0
45.0
36.0
45.0
23.0
45.0
4.0
10.0
4.0
