33.0
20.0
23.0
4.0
10.0
23.0
37.0
23.0
37.0
37.0
23.0
20.0
16.0
16.0
20.0
16.0
16.0
20.0
4.0
4.0
16.0
4.0
19.0
19.0
19.0
10.0
10.0
19.0
45.0
45.0
19.0
4.0
20.0
16.0
16.0
16.0
8.0
4.0
16.0
4.0
4.0
16.0
16.0
16.0
16.0
16.0
33.0
4.0
33.0
33.0
16.0
33.0
26.0
33.0
33.0
20.0
33.0
33.0
20.0
16.0
33.0
20.0
33.0
16.0
16.0
16.0
4.0
10.0
33.0
10.0
23.0
23.0
25.0
23.0
16.0
16.0
16.0
30.0
16.0
45.0
16.0
10.0
23.0
16.0
45.0
4.0
45.0
23.0
20.0
19.0
20.0
45.0
10.0
16.0
16.0
10.0
33.0
20.0
16.0
16.0
16.0
20.0
20.0
45.0
16.0
16.0
33.0
19.0
10.0
20.0
33.0
33.0
33.0
20.0
33.0
20.0
20.0
45.0
10.0
30.0
10.0
25.0
45.0
45.0
45.0
45.0
45.0
45.0
45.0
45.0
20.0
45.0
45.0
45.0
45.0
45.0
45.0
45.0
45.0
45.0
45.0
23.0
20.0
16.0
25.0
10.0
36.0
20.0
20.0
10.0
10.0
20.0
4.0
10.0
10.0
4.0
16.0
20.0
33.0
33.0
23.0
33.0
33.0
45.0
33.0
33.0
16.0
10.0
33.0
10.0
16.0
33.0
30.0
25.0
45.0
10.0
45.0
45.0
45.0
45.0
25.0
45.0
45.0
45.0
10.0
10.0
45.0
16.0
16.0
16.0
16.0
23.0
16.0
4.0
16.0
16.0
23.0
33.0
33.0
8.0
23.0
16.0
45.0
45.0
45.0
45.0
45.0
45.0
45.0
45.0
45.0
45.0
45.0
45.0
45.0
45.0
45.0
45.0
10.0
10.0
45.0
45.0
45.0
45.0
10.0
10.0
10.0
10.0
10.0
45.0
10.0
10.0
45.0
45.0
10.0
33.0
45.0
45.0
45.0
45.0
45.0
45.0
4.0
10.0
10.0
4.0
33.0
10.0
45.0
33.0
33.0
45.0
45.0
33.0
10.0
33.0
4.0
45.0
33.0
10.0
45.0
20.0
33.0
23.0
20.0
45.0
10.0
33.0
10.0
45.0
10.0
10.0
16.0
20.0
33.0
45.0
4.0
45.0
10.0
4.0
33.0
20.0
23.0
23.0
45.0
45.0
45.0
45.0
45.0
33.0
45.0
10.0
45.0
36.0
45.0
23.0
45.0
26.0
10.0
4.0
