33.0
44.0
36.0
4.0
11.0
37.0
37.0
36.0
37.0
37.0
37.0
2.0
16.0
20.0
2.0
16.0
16.0
2.0
4.0
4.0
16.0
4.0
39.0
39.0
39.0
11.0
10.0
39.0
11.0
11.0
39.0
16.0
2.0
16.0
16.0
16.0
2.0
4.0
16.0
32.0
4.0
16.0
16.0
16.0
16.0
16.0
33.0
16.0
33.0
33.0
16.0
33.0
4.0
33.0
33.0
2.0
33.0
33.0
2.0
16.0
33.0
44.0
33.0
16.0
16.0
16.0
4.0
11.0
33.0
11.0
36.0
37.0
37.0
37.0
16.0
16.0
16.0
44.0
16.0
11.0
16.0
11.0
36.0
16.0
11.0
4.0
11.0
36.0
2.0
39.0
44.0
11.0
11.0
16.0
16.0
11.0
33.0
2.0
16.0
16.0
39.0
2.0
44.0
11.0
16.0
39.0
33.0
39.0
37.0
2.0
33.0
33.0
33.0
2.0
33.0
2.0
2.0
11.0
10.0
44.0
10.0
37.0
11.0
11.0
11.0
11.0
11.0
11.0
11.0
11.0
2.0
11.0
11.0
11.0
11.0
11.0
11.0
11.0
11.0
11.0
11.0
36.0
44.0
44.0
37.0
37.0
36.0
44.0
44.0
11.0
10.0
44.0
4.0
11.0
37.0
4.0
16.0
44.0
33.0
33.0
36.0
33.0
33.0
11.0
33.0
33.0
16.0
37.0
4.0
10.0
16.0
33.0
26.0
36.0
11.0
10.0
11.0
11.0
11.0
11.0
36.0
11.0
11.0
11.0
11.0
10.0
11.0
16.0
16.0
16.0
16.0
37.0
16.0
4.0
16.0
16.0
37.0
33.0
33.0
2.0
36.0
44.0
11.0
11.0
11.0
11.0
11.0
11.0
11.0
11.0
11.0
11.0
11.0
11.0
11.0
11.0
11.0
11.0
11.0
11.0
11.0
11.0
11.0
11.0
11.0
11.0
11.0
11.0
10.0
11.0
11.0
11.0
11.0
11.0
11.0
33.0
11.0
11.0
11.0
11.0
11.0
11.0
4.0
11.0
37.0
4.0
33.0
10.0
11.0
33.0
33.0
11.0
11.0
33.0
37.0
4.0
4.0
11.0
33.0
11.0
11.0
2.0
33.0
37.0
2.0
11.0
10.0
33.0
10.0
11.0
11.0
10.0
16.0
2.0
33.0
11.0
4.0
11.0
10.0
4.0
4.0
44.0
36.0
36.0
11.0
11.0
11.0
11.0
11.0
4.0
11.0
1.0
11.0
44.0
11.0
36.0
11.0
4.0
10.0
4.0
