35.0
34.0
8.0
4.0
10.0
34.0
43.0
8.0
43.0
43.0
34.0
2.0
16.0
16.0
2.0
16.0
16.0
2.0
4.0
4.0
16.0
4.0
39.0
39.0
39.0
10.0
10.0
39.0
11.0
11.0
39.0
4.0
2.0
16.0
16.0
16.0
2.0
4.0
16.0
4.0
4.0
16.0
16.0
16.0
16.0
16.0
35.0
4.0
33.0
35.0
4.0
15.0
15.0
35.0
35.0
2.0
35.0
4.0
2.0
16.0
35.0
34.0
33.0
16.0
16.0
16.0
16.0
10.0
4.0
10.0
8.0
25.0
8.0
8.0
16.0
16.0
16.0
30.0
16.0
11.0
16.0
10.0
34.0
16.0
11.0
4.0
11.0
8.0
2.0
39.0
20.0
11.0
10.0
16.0
4.0
10.0
35.0
2.0
16.0
16.0
16.0
2.0
16.0
11.0
16.0
16.0
35.0
39.0
10.0
20.0
33.0
35.0
35.0
2.0
35.0
2.0
2.0
11.0
10.0
30.0
10.0
10.0
11.0
11.0
11.0
11.0
11.0
11.0
11.0
11.0
2.0
11.0
11.0
11.0
11.0
11.0
11.0
11.0
11.0
11.0
11.0
8.0
20.0
16.0
10.0
10.0
34.0
34.0
20.0
10.0
10.0
20.0
4.0
10.0
10.0
4.0
16.0
34.0
33.0
35.0
8.0
35.0
35.0
11.0
35.0
35.0
16.0
10.0
15.0
10.0
16.0
33.0
30.0
8.0
11.0
10.0
11.0
11.0
11.0
11.0
8.0
11.0
11.0
11.0
10.0
10.0
11.0
16.0
16.0
16.0
16.0
8.0
16.0
4.0
16.0
16.0
25.0
35.0
35.0
2.0
8.0
16.0
11.0
11.0
11.0
11.0
11.0
11.0
11.0
11.0
11.0
11.0
11.0
11.0
11.0
11.0
11.0
11.0
10.0
10.0
11.0
11.0
11.0
11.0
10.0
10.0
10.0
10.0
10.0
11.0
10.0
10.0
11.0
11.0
10.0
33.0
11.0
11.0
11.0
11.0
11.0
11.0
4.0
10.0
10.0
4.0
35.0
10.0
11.0
33.0
33.0
11.0
11.0
33.0
10.0
4.0
4.0
11.0
35.0
10.0
11.0
2.0
35.0
8.0
2.0
10.0
10.0
35.0
10.0
11.0
10.0
10.0
16.0
2.0
33.0
11.0
4.0
11.0
10.0
4.0
4.0
34.0
8.0
8.0
11.0
11.0
11.0
11.0
11.0
33.0
11.0
10.0
11.0
34.0
11.0
8.0
11.0
26.0
10.0
4.0
