33.0
36.0
23.0
4.0
10.0
23.0
37.0
23.0
37.0
37.0
23.0
22.0
20.0
16.0
22.0
16.0
16.0
22.0
4.0
4.0
20.0
4.0
19.0
19.0
19.0
10.0
10.0
19.0
10.0
10.0
19.0
16.0
22.0
16.0
16.0
16.0
33.0
4.0
20.0
4.0
4.0
20.0
20.0
16.0
16.0
16.0
33.0
16.0
4.0
33.0
4.0
33.0
33.0
4.0
33.0
22.0
33.0
4.0
22.0
20.0
4.0
36.0
4.0
16.0
16.0
16.0
16.0
10.0
4.0
10.0
23.0
23.0
23.0
23.0
16.0
16.0
16.0
44.0
16.0
10.0
20.0
10.0
23.0
16.0
10.0
4.0
10.0
23.0
22.0
19.0
20.0
10.0
10.0
16.0
16.0
10.0
33.0
22.0
16.0
16.0
19.0
22.0
20.0
10.0
16.0
19.0
33.0
19.0
10.0
22.0
4.0
33.0
33.0
22.0
33.0
22.0
22.0
10.0
10.0
44.0
10.0
25.0
10.0
38.0
10.0
10.0
38.0
10.0
10.0
10.0
22.0
10.0
10.0
10.0
10.0
10.0
10.0
10.0
10.0
10.0
10.0
23.0
36.0
20.0
25.0
10.0
23.0
36.0
36.0
10.0
10.0
36.0
4.0
10.0
10.0
4.0
20.0
36.0
4.0
33.0
23.0
4.0
33.0
10.0
33.0
33.0
20.0
10.0
33.0
10.0
20.0
4.0
19.0
23.0
10.0
10.0
10.0
38.0
10.0
10.0
23.0
10.0
10.0
10.0
10.0
10.0
10.0
16.0
16.0
16.0
16.0
23.0
16.0
4.0
16.0
16.0
23.0
33.0
33.0
22.0
23.0
20.0
10.0
10.0
10.0
10.0
10.0
10.0
10.0
10.0
10.0
10.0
10.0
10.0
10.0
10.0
10.0
10.0
10.0
10.0
10.0
10.0
10.0
10.0
10.0
10.0
10.0
10.0
10.0
10.0
10.0
10.0
10.0
10.0
10.0
4.0
10.0
10.0
10.0
10.0
10.0
10.0
4.0
10.0
10.0
4.0
33.0
10.0
10.0
4.0
4.0
10.0
10.0
4.0
25.0
4.0
4.0
10.0
4.0
10.0
10.0
22.0
33.0
23.0
22.0
10.0
10.0
33.0
10.0
10.0
10.0
10.0
16.0
22.0
4.0
38.0
4.0
10.0
10.0
4.0
4.0
20.0
23.0
23.0
10.0
10.0
10.0
10.0
10.0
33.0
10.0
10.0
10.0
36.0
38.0
23.0
10.0
4.0
10.0
4.0
