15.0
20.0
25.0
4.0
10.0
20.0
25.0
25.0
37.0
25.0
25.0
20.0
16.0
16.0
20.0
16.0
16.0
20.0
4.0
4.0
16.0
4.0
19.0
19.0
19.0
10.0
10.0
19.0
10.0
10.0
19.0
4.0
20.0
16.0
16.0
16.0
8.0
4.0
16.0
4.0
4.0
16.0
16.0
16.0
16.0
16.0
15.0
4.0
4.0
4.0
4.0
15.0
4.0
4.0
4.0
20.0
15.0
4.0
20.0
16.0
4.0
16.0
4.0
16.0
16.0
16.0
4.0
10.0
4.0
10.0
25.0
25.0
25.0
25.0
16.0
16.0
16.0
30.0
16.0
10.0
16.0
10.0
25.0
16.0
10.0
4.0
10.0
25.0
20.0
19.0
16.0
10.0
10.0
16.0
4.0
10.0
15.0
20.0
16.0
16.0
16.0
20.0
16.0
10.0
16.0
16.0
15.0
19.0
10.0
20.0
4.0
15.0
15.0
20.0
15.0
20.0
20.0
10.0
10.0
30.0
10.0
25.0
10.0
10.0
10.0
10.0
10.0
10.0
10.0
10.0
20.0
10.0
10.0
10.0
10.0
10.0
10.0
10.0
10.0
10.0
10.0
25.0
16.0
16.0
25.0
25.0
25.0
20.0
16.0
10.0
10.0
16.0
4.0
10.0
10.0
4.0
16.0
20.0
4.0
4.0
25.0
4.0
15.0
10.0
15.0
15.0
16.0
25.0
15.0
10.0
16.0
4.0
30.0
25.0
10.0
10.0
10.0
10.0
10.0
10.0
25.0
10.0
10.0
10.0
10.0
10.0
10.0
16.0
16.0
16.0
16.0
25.0
16.0
4.0
16.0
16.0
25.0
15.0
15.0
8.0
25.0
16.0
10.0
10.0
10.0
10.0
10.0
10.0
10.0
10.0
10.0
10.0
10.0
10.0
10.0
10.0
10.0
10.0
10.0
10.0
10.0
10.0
10.0
10.0
10.0
10.0
10.0
10.0
10.0
10.0
10.0
10.0
10.0
10.0
10.0
4.0
10.0
10.0
10.0
10.0
10.0
10.0
4.0
10.0
25.0
4.0
15.0
10.0
10.0
4.0
4.0
10.0
10.0
4.0
25.0
4.0
4.0
10.0
4.0
10.0
10.0
20.0
15.0
25.0
20.0
10.0
10.0
15.0
10.0
10.0
10.0
10.0
16.0
20.0
4.0
10.0
4.0
10.0
10.0
4.0
4.0
16.0
23.0
25.0
10.0
10.0
10.0
10.0
10.0
15.0
10.0
10.0
10.0
20.0
10.0
25.0
10.0
4.0
10.0
4.0
