33.0
36.0
23.0
4.0
10.0
23.0
37.0
23.0
37.0
37.0
23.0
8.0
16.0
16.0
39.0
16.0
16.0
19.0
4.0
4.0
16.0
4.0
39.0
39.0
39.0
10.0
10.0
39.0
10.0
10.0
39.0
4.0
19.0
16.0
16.0
16.0
8.0
4.0
16.0
4.0
4.0
16.0
16.0
16.0
16.0
16.0
33.0
4.0
33.0
33.0
33.0
8.0
8.0
33.0
33.0
39.0
8.0
33.0
19.0
16.0
33.0
36.0
33.0
16.0
16.0
16.0
4.0
10.0
33.0
10.0
23.0
23.0
23.0
23.0
16.0
16.0
16.0
44.0
16.0
10.0
16.0
10.0
23.0
20.0
10.0
4.0
10.0
23.0
19.0
39.0
16.0
10.0
10.0
16.0
4.0
10.0
33.0
19.0
16.0
16.0
39.0
19.0
16.0
10.0
16.0
39.0
33.0
39.0
10.0
8.0
33.0
33.0
33.0
19.0
33.0
19.0
39.0
10.0
10.0
44.0
10.0
23.0
10.0
10.0
10.0
10.0
10.0
10.0
10.0
10.0
19.0
10.0
10.0
10.0
10.0
10.0
10.0
10.0
10.0
10.0
10.0
23.0
36.0
16.0
23.0
10.0
36.0
36.0
36.0
10.0
10.0
36.0
4.0
10.0
10.0
16.0
16.0
36.0
33.0
33.0
23.0
33.0
33.0
10.0
33.0
33.0
16.0
10.0
8.0
10.0
16.0
33.0
8.0
23.0
10.0
10.0
10.0
10.0
10.0
10.0
23.0
10.0
10.0
10.0
10.0
10.0
10.0
16.0
16.0
16.0
16.0
23.0
16.0
4.0
16.0
16.0
23.0
33.0
33.0
8.0
23.0
16.0
10.0
10.0
10.0
10.0
10.0
10.0
10.0
10.0
10.0
10.0
10.0
10.0
10.0
10.0
10.0
10.0
10.0
10.0
10.0
10.0
10.0
10.0
10.0
10.0
10.0
10.0
10.0
10.0
10.0
10.0
10.0
10.0
10.0
33.0
10.0
10.0
10.0
10.0
10.0
10.0
4.0
10.0
10.0
4.0
33.0
10.0
10.0
33.0
33.0
10.0
10.0
33.0
10.0
33.0
33.0
10.0
33.0
10.0
10.0
39.0
33.0
23.0
8.0
10.0
10.0
33.0
10.0
10.0
10.0
10.0
16.0
8.0
33.0
10.0
4.0
10.0
10.0
4.0
33.0
36.0
23.0
23.0
10.0
10.0
10.0
10.0
10.0
33.0
10.0
10.0
10.0
36.0
10.0
23.0
10.0
4.0
10.0
4.0
