3.0
36.0
36.0
4.0
10.0
36.0
43.0
36.0
43.0
43.0
36.0
2.0
16.0
16.0
2.0
16.0
16.0
2.0
4.0
4.0
16.0
4.0
39.0
39.0
39.0
10.0
10.0
39.0
38.0
38.0
39.0
4.0
2.0
16.0
16.0
16.0
2.0
4.0
16.0
4.0
4.0
16.0
16.0
16.0
16.0
16.0
15.0
4.0
4.0
3.0
4.0
3.0
4.0
4.0
4.0
2.0
3.0
4.0
2.0
16.0
3.0
36.0
4.0
16.0
16.0
16.0
4.0
10.0
4.0
10.0
36.0
36.0
36.0
36.0
16.0
16.0
16.0
30.0
16.0
10.0
36.0
10.0
36.0
16.0
38.0
4.0
10.0
36.0
2.0
39.0
36.0
10.0
10.0
16.0
4.0
10.0
3.0
2.0
16.0
16.0
16.0
2.0
36.0
38.0
16.0
16.0
3.0
39.0
10.0
2.0
4.0
3.0
3.0
2.0
3.0
2.0
2.0
38.0
10.0
30.0
10.0
1.0
38.0
38.0
38.0
38.0
38.0
10.0
38.0
38.0
2.0
38.0
38.0
38.0
38.0
38.0
38.0
11.0
38.0
38.0
38.0
36.0
36.0
36.0
1.0
1.0
36.0
36.0
36.0
10.0
10.0
36.0
4.0
10.0
10.0
4.0
16.0
36.0
4.0
3.0
36.0
4.0
15.0
11.0
15.0
15.0
44.0
10.0
3.0
10.0
16.0
4.0
8.0
36.0
10.0
10.0
11.0
38.0
11.0
45.0
36.0
45.0
45.0
38.0
10.0
10.0
38.0
16.0
16.0
16.0
16.0
36.0
16.0
4.0
16.0
16.0
1.0
3.0
3.0
2.0
36.0
44.0
38.0
38.0
38.0
38.0
11.0
11.0
11.0
11.0
38.0
45.0
10.0
10.0
10.0
10.0
38.0
38.0
10.0
10.0
38.0
38.0
38.0
38.0
10.0
10.0
10.0
10.0
10.0
11.0
10.0
10.0
10.0
10.0
10.0
4.0
38.0
10.0
38.0
10.0
10.0
38.0
4.0
10.0
1.0
4.0
3.0
10.0
11.0
4.0
4.0
38.0
38.0
4.0
1.0
4.0
4.0
38.0
4.0
10.0
10.0
2.0
3.0
36.0
2.0
10.0
10.0
3.0
10.0
38.0
10.0
10.0
16.0
2.0
4.0
38.0
4.0
38.0
10.0
4.0
4.0
36.0
36.0
36.0
38.0
10.0
38.0
10.0
38.0
3.0
10.0
10.0
38.0
36.0
38.0
36.0
38.0
4.0
10.0
4.0
