4.0
43.0
36.0
20.0
38.0
43.0
37.0
36.0
37.0
37.0
36.0
8.0
16.0
8.0
10.0
20.0
20.0
10.0
4.0
4.0
16.0
4.0
10.0
10.0
10.0
37.0
37.0
10.0
38.0
38.0
10.0
16.0
10.0
16.0
16.0
16.0
8.0
4.0
16.0
16.0
4.0
16.0
16.0
20.0
20.0
20.0
4.0
16.0
4.0
4.0
20.0
4.0
20.0
4.0
4.0
10.0
2.0
4.0
10.0
16.0
4.0
43.0
4.0
20.0
20.0
20.0
20.0
38.0
4.0
38.0
36.0
36.0
36.0
36.0
20.0
20.0
20.0
16.0
20.0
38.0
16.0
37.0
36.0
20.0
38.0
4.0
38.0
36.0
10.0
10.0
43.0
38.0
37.0
20.0
16.0
37.0
4.0
10.0
20.0
20.0
10.0
10.0
16.0
38.0
20.0
10.0
4.0
10.0
37.0
10.0
4.0
4.0
4.0
10.0
4.0
10.0
10.0
38.0
37.0
43.0
37.0
36.0
38.0
38.0
38.0
38.0
38.0
38.0
38.0
38.0
10.0
38.0
38.0
38.0
38.0
38.0
38.0
38.0
38.0
38.0
38.0
36.0
43.0
43.0
36.0
37.0
36.0
43.0
43.0
37.0
37.0
43.0
4.0
37.0
37.0
16.0
16.0
43.0
4.0
4.0
36.0
4.0
4.0
38.0
4.0
4.0
16.0
37.0
4.0
37.0
16.0
4.0
10.0
36.0
38.0
37.0
38.0
38.0
38.0
38.0
36.0
38.0
38.0
38.0
38.0
37.0
38.0
16.0
16.0
16.0
16.0
36.0
16.0
4.0
20.0
20.0
36.0
4.0
4.0
8.0
36.0
16.0
38.0
38.0
38.0
38.0
38.0
38.0
38.0
38.0
38.0
38.0
38.0
38.0
38.0
38.0
38.0
38.0
37.0
38.0
38.0
38.0
38.0
38.0
37.0
37.0
38.0
38.0
37.0
38.0
37.0
38.0
38.0
38.0
38.0
4.0
38.0
38.0
38.0
38.0
38.0
38.0
16.0
38.0
37.0
4.0
4.0
37.0
38.0
4.0
4.0
38.0
38.0
4.0
37.0
4.0
4.0
38.0
4.0
37.0
38.0
10.0
4.0
36.0
10.0
37.0
37.0
4.0
37.0
38.0
38.0
37.0
20.0
10.0
4.0
38.0
4.0
38.0
37.0
4.0
4.0
43.0
36.0
36.0
38.0
38.0
38.0
38.0
38.0
4.0
38.0
37.0
38.0
43.0
38.0
36.0
38.0
20.0
37.0
16.0
