4.0
43.0
1.0
20.0
10.0
43.0
43.0
1.0
37.0
43.0
1.0
8.0
20.0
20.0
8.0
20.0
20.0
8.0
4.0
4.0
20.0
4.0
39.0
39.0
39.0
10.0
10.0
39.0
10.0
10.0
39.0
16.0
8.0
20.0
20.0
20.0
8.0
4.0
15.0
15.0
4.0
15.0
15.0
20.0
20.0
20.0
4.0
16.0
4.0
4.0
20.0
15.0
15.0
4.0
4.0
8.0
8.0
4.0
8.0
15.0
4.0
43.0
4.0
20.0
20.0
20.0
20.0
10.0
4.0
10.0
1.0
1.0
1.0
1.0
20.0
20.0
20.0
4.0
20.0
10.0
20.0
10.0
1.0
20.0
10.0
4.0
10.0
1.0
8.0
39.0
43.0
10.0
10.0
20.0
16.0
10.0
4.0
8.0
20.0
20.0
39.0
8.0
43.0
10.0
20.0
39.0
4.0
8.0
37.0
8.0
4.0
4.0
4.0
8.0
4.0
8.0
8.0
10.0
10.0
15.0
10.0
1.0
10.0
10.0
10.0
10.0
10.0
10.0
10.0
10.0
8.0
10.0
10.0
10.0
10.0
10.0
10.0
10.0
10.0
10.0
10.0
1.0
43.0
43.0
1.0
37.0
1.0
43.0
43.0
10.0
37.0
43.0
4.0
10.0
37.0
4.0
15.0
43.0
4.0
4.0
1.0
4.0
4.0
10.0
4.0
4.0
20.0
37.0
15.0
10.0
15.0
4.0
10.0
1.0
10.0
10.0
10.0
10.0
10.0
10.0
1.0
10.0
10.0
10.0
10.0
10.0
10.0
20.0
20.0
20.0
20.0
1.0
20.0
4.0
20.0
20.0
1.0
4.0
4.0
8.0
1.0
43.0
10.0
10.0
10.0
10.0
10.0
10.0
10.0
10.0
10.0
10.0
10.0
10.0
10.0
10.0
10.0
10.0
10.0
10.0
10.0
10.0
10.0
10.0
10.0
10.0
10.0
10.0
10.0
10.0
10.0
10.0
10.0
10.0
10.0
4.0
10.0
10.0
10.0
10.0
10.0
10.0
4.0
10.0
37.0
4.0
4.0
10.0
10.0
4.0
4.0
10.0
10.0
4.0
1.0
4.0
4.0
10.0
4.0
10.0
10.0
8.0
4.0
1.0
8.0
10.0
10.0
15.0
10.0
10.0
10.0
10.0
20.0
8.0
4.0
10.0
4.0
10.0
10.0
4.0
4.0
43.0
1.0
1.0
10.0
10.0
10.0
10.0
10.0
4.0
10.0
37.0
10.0
43.0
10.0
1.0
10.0
20.0
10.0
4.0
