4.0
1.0
1.0
20.0
37.0
1.0
37.0
1.0
37.0
37.0
1.0
2.0
16.0
20.0
29.0
20.0
20.0
29.0
4.0
4.0
16.0
4.0
29.0
29.0
29.0
37.0
37.0
29.0
45.0
45.0
29.0
16.0
29.0
16.0
16.0
16.0
2.0
4.0
16.0
16.0
4.0
16.0
16.0
20.0
20.0
20.0
4.0
16.0
4.0
4.0
16.0
2.0
2.0
4.0
4.0
29.0
2.0
4.0
29.0
16.0
4.0
16.0
4.0
20.0
20.0
20.0
16.0
37.0
4.0
37.0
1.0
1.0
1.0
1.0
16.0
20.0
20.0
4.0
20.0
37.0
16.0
37.0
1.0
20.0
45.0
4.0
37.0
1.0
29.0
29.0
16.0
37.0
37.0
20.0
16.0
37.0
4.0
29.0
20.0
20.0
29.0
29.0
16.0
45.0
20.0
29.0
4.0
29.0
37.0
29.0
4.0
4.0
4.0
29.0
4.0
29.0
29.0
45.0
37.0
14.0
37.0
37.0
45.0
45.0
45.0
45.0
45.0
37.0
45.0
45.0
29.0
45.0
45.0
45.0
45.0
45.0
45.0
45.0
45.0
45.0
45.0
1.0
16.0
16.0
37.0
37.0
1.0
36.0
16.0
37.0
37.0
16.0
4.0
37.0
37.0
16.0
16.0
36.0
4.0
4.0
1.0
4.0
4.0
45.0
4.0
4.0
16.0
37.0
2.0
37.0
16.0
4.0
26.0
1.0
37.0
37.0
45.0
45.0
45.0
45.0
1.0
45.0
45.0
45.0
37.0
37.0
45.0
16.0
16.0
16.0
16.0
1.0
16.0
4.0
20.0
20.0
37.0
4.0
4.0
2.0
1.0
16.0
45.0
45.0
45.0
45.0
45.0
45.0
45.0
45.0
45.0
45.0
37.0
37.0
37.0
37.0
45.0
45.0
37.0
37.0
45.0
45.0
45.0
45.0
37.0
37.0
37.0
37.0
37.0
45.0
37.0
37.0
45.0
37.0
37.0
4.0
45.0
37.0
45.0
37.0
37.0
45.0
16.0
37.0
37.0
4.0
4.0
37.0
45.0
4.0
4.0
45.0
45.0
4.0
37.0
4.0
4.0
37.0
4.0
37.0
37.0
29.0
4.0
1.0
29.0
37.0
37.0
2.0
37.0
45.0
37.0
37.0
20.0
2.0
4.0
45.0
4.0
45.0
37.0
4.0
4.0
16.0
1.0
1.0
45.0
37.0
45.0
37.0
45.0
4.0
37.0
37.0
45.0
1.0
45.0
1.0
45.0
20.0
37.0
16.0
