33.0
36.0
36.0
20.0
10.0
20.0
1.0
36.0
1.0
20.0
36.0
8.0
20.0
20.0
10.0
20.0
20.0
10.0
4.0
4.0
20.0
4.0
10.0
10.0
10.0
10.0
10.0
10.0
10.0
10.0
10.0
4.0
10.0
20.0
20.0
20.0
8.0
4.0
20.0
15.0
4.0
20.0
20.0
20.0
20.0
20.0
33.0
4.0
33.0
33.0
20.0
8.0
8.0
33.0
33.0
10.0
8.0
33.0
10.0
20.0
33.0
20.0
33.0
20.0
20.0
20.0
20.0
10.0
33.0
10.0
36.0
36.0
36.0
36.0
20.0
20.0
20.0
15.0
20.0
10.0
20.0
10.0
36.0
20.0
10.0
4.0
10.0
36.0
10.0
10.0
20.0
10.0
10.0
20.0
20.0
10.0
33.0
10.0
20.0
20.0
10.0
10.0
20.0
10.0
20.0
10.0
33.0
10.0
25.0
8.0
33.0
33.0
33.0
10.0
8.0
10.0
10.0
10.0
10.0
15.0
10.0
36.0
10.0
10.0
10.0
10.0
10.0
10.0
10.0
10.0
10.0
10.0
10.0
10.0
10.0
10.0
10.0
10.0
10.0
10.0
10.0
36.0
36.0
20.0
36.0
25.0
36.0
36.0
20.0
10.0
10.0
20.0
4.0
10.0
25.0
16.0
20.0
36.0
33.0
33.0
36.0
33.0
33.0
10.0
33.0
33.0
20.0
25.0
8.0
10.0
20.0
33.0
10.0
36.0
10.0
10.0
10.0
10.0
10.0
10.0
36.0
10.0
10.0
10.0
10.0
10.0
10.0
20.0
20.0
20.0
20.0
36.0
20.0
4.0
20.0
20.0
36.0
8.0
33.0
8.0
36.0
20.0
10.0
10.0
10.0
10.0
10.0
10.0
10.0
10.0
10.0
10.0
10.0
10.0
10.0
10.0
10.0
10.0
10.0
10.0
10.0
10.0
10.0
10.0
10.0
10.0
10.0
10.0
10.0
10.0
10.0
10.0
10.0
10.0
10.0
33.0
10.0
10.0
10.0
10.0
10.0
10.0
4.0
10.0
25.0
4.0
8.0
10.0
10.0
33.0
33.0
10.0
10.0
33.0
36.0
33.0
4.0
10.0
33.0
10.0
10.0
10.0
33.0
36.0
8.0
10.0
10.0
8.0
10.0
10.0
10.0
10.0
20.0
10.0
33.0
10.0
15.0
10.0
10.0
15.0
4.0
20.0
36.0
36.0
10.0
10.0
10.0
10.0
10.0
8.0
10.0
10.0
10.0
36.0
10.0
36.0
10.0
20.0
10.0
4.0
