4.0
1.0
1.0
20.0
10.0
20.0
1.0
1.0
1.0
43.0
1.0
2.0
20.0
20.0
2.0
20.0
20.0
2.0
4.0
4.0
20.0
4.0
29.0
29.0
29.0
10.0
10.0
29.0
10.0
10.0
29.0
20.0
2.0
20.0
20.0
20.0
2.0
4.0
20.0
16.0
4.0
20.0
20.0
20.0
20.0
20.0
4.0
20.0
4.0
4.0
20.0
2.0
15.0
4.0
4.0
2.0
2.0
4.0
2.0
20.0
4.0
1.0
4.0
20.0
20.0
20.0
20.0
10.0
4.0
10.0
1.0
1.0
1.0
1.0
20.0
20.0
20.0
15.0
20.0
10.0
20.0
10.0
1.0
20.0
10.0
4.0
10.0
1.0
2.0
29.0
43.0
10.0
10.0
20.0
20.0
10.0
4.0
2.0
20.0
20.0
29.0
2.0
43.0
10.0
20.0
29.0
4.0
29.0
1.0
2.0
4.0
4.0
4.0
2.0
4.0
2.0
2.0
10.0
10.0
19.0
10.0
1.0
10.0
10.0
10.0
10.0
10.0
10.0
10.0
10.0
2.0
10.0
10.0
10.0
10.0
10.0
10.0
10.0
10.0
10.0
10.0
1.0
1.0
43.0
1.0
1.0
1.0
1.0
43.0
10.0
10.0
1.0
4.0
10.0
1.0
16.0
20.0
1.0
4.0
4.0
1.0
4.0
4.0
10.0
4.0
4.0
20.0
1.0
2.0
10.0
20.0
4.0
19.0
1.0
10.0
10.0
10.0
10.0
10.0
10.0
1.0
10.0
10.0
10.0
10.0
10.0
10.0
20.0
20.0
20.0
20.0
1.0
20.0
4.0
20.0
20.0
1.0
4.0
4.0
2.0
1.0
43.0
10.0
10.0
10.0
10.0
10.0
10.0
10.0
10.0
10.0
10.0
10.0
10.0
10.0
10.0
10.0
10.0
10.0
10.0
10.0
10.0
10.0
10.0
10.0
10.0
10.0
10.0
10.0
10.0
10.0
10.0
10.0
10.0
10.0
4.0
10.0
10.0
10.0
10.0
10.0
10.0
20.0
10.0
1.0
4.0
4.0
10.0
10.0
4.0
4.0
10.0
10.0
4.0
1.0
4.0
4.0
10.0
4.0
10.0
10.0
2.0
4.0
1.0
2.0
10.0
10.0
2.0
10.0
10.0
10.0
10.0
20.0
2.0
4.0
10.0
4.0
10.0
10.0
4.0
4.0
43.0
1.0
1.0
10.0
10.0
10.0
10.0
10.0
2.0
10.0
1.0
10.0
1.0
10.0
1.0
10.0
20.0
10.0
20.0
