33.0
43.0
36.0
20.0
10.0
20.0
43.0
36.0
37.0
20.0
43.0
22.0
16.0
20.0
8.0
20.0
20.0
8.0
33.0
33.0
16.0
33.0
8.0
8.0
8.0
10.0
10.0
8.0
10.0
10.0
8.0
16.0
8.0
16.0
16.0
16.0
8.0
33.0
16.0
16.0
33.0
16.0
16.0
20.0
20.0
20.0
33.0
16.0
33.0
33.0
16.0
8.0
8.0
33.0
33.0
8.0
8.0
33.0
8.0
16.0
33.0
16.0
33.0
20.0
20.0
20.0
16.0
10.0
33.0
10.0
36.0
36.0
36.0
36.0
16.0
20.0
20.0
8.0
20.0
10.0
16.0
10.0
34.0
20.0
10.0
33.0
10.0
36.0
8.0
8.0
16.0
10.0
10.0
20.0
16.0
10.0
33.0
8.0
20.0
20.0
8.0
8.0
16.0
10.0
20.0
8.0
33.0
8.0
25.0
22.0
33.0
33.0
33.0
8.0
33.0
8.0
8.0
10.0
10.0
34.0
10.0
1.0
10.0
10.0
10.0
10.0
10.0
10.0
10.0
10.0
8.0
10.0
10.0
10.0
10.0
10.0
10.0
10.0
10.0
10.0
10.0
36.0
34.0
16.0
1.0
25.0
34.0
34.0
16.0
10.0
10.0
14.0
33.0
10.0
10.0
16.0
16.0
34.0
33.0
33.0
36.0
33.0
33.0
10.0
33.0
33.0
16.0
25.0
8.0
10.0
16.0
33.0
8.0
1.0
10.0
10.0
10.0
10.0
10.0
10.0
36.0
10.0
10.0
10.0
10.0
10.0
10.0
16.0
16.0
16.0
16.0
36.0
20.0
33.0
20.0
20.0
1.0
8.0
33.0
22.0
36.0
16.0
10.0
10.0
10.0
10.0
10.0
10.0
10.0
10.0
10.0
10.0
10.0
10.0
10.0
10.0
10.0
10.0
10.0
10.0
10.0
10.0
10.0
10.0
10.0
10.0
10.0
10.0
10.0
10.0
10.0
10.0
10.0
10.0
10.0
33.0
10.0
10.0
10.0
10.0
10.0
10.0
16.0
10.0
25.0
33.0
8.0
10.0
10.0
33.0
33.0
10.0
10.0
33.0
1.0
33.0
33.0
10.0
33.0
10.0
10.0
8.0
8.0
36.0
22.0
10.0
10.0
8.0
10.0
10.0
10.0
10.0
20.0
8.0
33.0
10.0
20.0
10.0
10.0
20.0
33.0
16.0
36.0
36.0
10.0
10.0
10.0
10.0
10.0
8.0
10.0
10.0
10.0
14.0
10.0
36.0
10.0
20.0
10.0
16.0
