2.0
43.0
36.0
20.0
10.0
43.0
37.0
36.0
37.0
20.0
20.0
2.0
20.0
20.0
29.0
20.0
20.0
29.0
33.0
33.0
20.0
20.0
29.0
29.0
29.0
10.0
10.0
29.0
10.0
10.0
29.0
20.0
29.0
20.0
20.0
20.0
2.0
33.0
20.0
33.0
33.0
20.0
20.0
20.0
20.0
20.0
33.0
20.0
33.0
33.0
20.0
2.0
2.0
33.0
33.0
2.0
2.0
33.0
29.0
20.0
33.0
43.0
33.0
20.0
20.0
20.0
20.0
10.0
33.0
10.0
36.0
36.0
36.0
36.0
20.0
20.0
20.0
3.0
20.0
10.0
20.0
10.0
43.0
20.0
10.0
33.0
10.0
36.0
29.0
29.0
43.0
10.0
10.0
20.0
20.0
10.0
2.0
2.0
20.0
20.0
29.0
29.0
43.0
10.0
20.0
29.0
2.0
29.0
1.0
2.0
33.0
33.0
2.0
29.0
2.0
29.0
29.0
10.0
10.0
3.0
10.0
37.0
10.0
10.0
10.0
10.0
10.0
10.0
10.0
10.0
2.0
10.0
10.0
10.0
10.0
10.0
10.0
10.0
10.0
10.0
10.0
36.0
43.0
43.0
36.0
1.0
43.0
43.0
43.0
10.0
10.0
43.0
33.0
10.0
37.0
20.0
20.0
43.0
33.0
33.0
43.0
33.0
33.0
10.0
33.0
33.0
20.0
1.0
2.0
10.0
20.0
33.0
8.0
36.0
10.0
10.0
10.0
10.0
10.0
10.0
36.0
10.0
10.0
10.0
10.0
10.0
10.0
20.0
20.0
20.0
20.0
36.0
20.0
33.0
20.0
20.0
36.0
2.0
33.0
2.0
36.0
20.0
10.0
10.0
10.0
10.0
10.0
10.0
10.0
10.0
10.0
10.0
10.0
10.0
10.0
10.0
10.0
10.0
10.0
10.0
10.0
10.0
10.0
10.0
10.0
10.0
10.0
10.0
10.0
10.0
10.0
10.0
10.0
10.0
10.0
33.0
10.0
10.0
10.0
10.0
10.0
10.0
20.0
10.0
1.0
33.0
2.0
10.0
10.0
33.0
33.0
10.0
10.0
33.0
37.0
33.0
33.0
10.0
33.0
10.0
10.0
2.0
2.0
36.0
2.0
10.0
10.0
2.0
10.0
10.0
10.0
10.0
20.0
2.0
33.0
10.0
20.0
10.0
10.0
20.0
20.0
43.0
36.0
36.0
10.0
10.0
10.0
10.0
10.0
2.0
10.0
37.0
10.0
43.0
10.0
36.0
10.0
20.0
10.0
20.0
