2.0
36.0
36.0
20.0
10.0
36.0
36.0
36.0
36.0
36.0
36.0
2.0
16.0
20.0
2.0
20.0
20.0
2.0
4.0
4.0
16.0
4.0
10.0
10.0
10.0
10.0
10.0
10.0
10.0
10.0
10.0
20.0
2.0
20.0
20.0
20.0
2.0
4.0
20.0
4.0
4.0
20.0
16.0
20.0
20.0
20.0
2.0
20.0
2.0
2.0
20.0
2.0
22.0
2.0
2.0
2.0
2.0
4.0
2.0
20.0
2.0
36.0
2.0
20.0
20.0
20.0
20.0
10.0
4.0
10.0
36.0
36.0
36.0
36.0
20.0
20.0
20.0
22.0
20.0
10.0
36.0
10.0
36.0
20.0
10.0
4.0
10.0
36.0
2.0
10.0
36.0
10.0
10.0
20.0
20.0
10.0
2.0
2.0
20.0
20.0
10.0
2.0
36.0
10.0
20.0
10.0
2.0
2.0
37.0
2.0
2.0
2.0
2.0
2.0
2.0
2.0
2.0
10.0
10.0
43.0
10.0
36.0
10.0
10.0
10.0
10.0
10.0
10.0
10.0
10.0
2.0
10.0
10.0
10.0
10.0
10.0
10.0
10.0
10.0
10.0
10.0
36.0
36.0
36.0
36.0
37.0
36.0
36.0
36.0
10.0
10.0
36.0
4.0
10.0
37.0
4.0
20.0
36.0
2.0
2.0
36.0
2.0
2.0
10.0
2.0
2.0
16.0
37.0
2.0
10.0
20.0
2.0
8.0
36.0
10.0
10.0
10.0
10.0
10.0
10.0
36.0
10.0
10.0
10.0
10.0
10.0
10.0
20.0
20.0
20.0
20.0
36.0
20.0
4.0
20.0
20.0
36.0
2.0
2.0
2.0
36.0
36.0
10.0
10.0
10.0
10.0
10.0
10.0
10.0
10.0
10.0
10.0
10.0
10.0
10.0
10.0
10.0
10.0
10.0
10.0
10.0
10.0
10.0
10.0
10.0
10.0
10.0
10.0
10.0
10.0
10.0
10.0
10.0
10.0
10.0
4.0
10.0
10.0
10.0
10.0
10.0
10.0
4.0
10.0
37.0
4.0
2.0
10.0
10.0
4.0
4.0
10.0
10.0
4.0
36.0
4.0
4.0
10.0
2.0
10.0
10.0
2.0
2.0
36.0
2.0
10.0
10.0
2.0
10.0
10.0
10.0
10.0
20.0
2.0
2.0
10.0
4.0
10.0
10.0
4.0
4.0
36.0
36.0
36.0
10.0
10.0
10.0
10.0
10.0
2.0
10.0
37.0
10.0
36.0
10.0
36.0
10.0
20.0
10.0
20.0
