2.0
1.0
1.0
20.0
7.0
43.0
1.0
1.0
37.0
43.0
1.0
22.0
16.0
26.0
22.0
20.0
20.0
22.0
15.0
15.0
16.0
15.0
29.0
29.0
29.0
7.0
7.0
29.0
7.0
7.0
29.0
16.0
22.0
16.0
16.0
16.0
22.0
3.0
16.0
16.0
3.0
16.0
16.0
20.0
20.0
20.0
33.0
16.0
3.0
33.0
16.0
2.0
15.0
3.0
33.0
22.0
2.0
3.0
22.0
16.0
3.0
1.0
3.0
20.0
20.0
20.0
16.0
7.0
3.0
7.0
1.0
1.0
1.0
1.0
16.0
20.0
20.0
34.0
20.0
7.0
16.0
7.0
1.0
20.0
7.0
3.0
7.0
1.0
22.0
29.0
1.0
7.0
7.0
20.0
16.0
7.0
2.0
22.0
20.0
20.0
10.0
22.0
16.0
7.0
20.0
10.0
2.0
22.0
37.0
22.0
3.0
33.0
2.0
22.0
2.0
22.0
22.0
7.0
7.0
34.0
7.0
36.0
7.0
7.0
7.0
7.0
7.0
7.0
7.0
7.0
22.0
7.0
7.0
7.0
7.0
7.0
7.0
7.0
7.0
7.0
7.0
1.0
1.0
43.0
1.0
37.0
1.0
1.0
1.0
7.0
7.0
1.0
3.0
7.0
37.0
16.0
16.0
1.0
3.0
3.0
1.0
3.0
33.0
7.0
33.0
33.0
16.0
37.0
2.0
7.0
16.0
3.0
8.0
36.0
7.0
7.0
7.0
7.0
7.0
7.0
1.0
7.0
7.0
7.0
7.0
7.0
7.0
16.0
16.0
16.0
16.0
1.0
20.0
3.0
20.0
20.0
1.0
2.0
33.0
22.0
1.0
16.0
7.0
7.0
7.0
7.0
7.0
7.0
7.0
7.0
7.0
7.0
7.0
7.0
7.0
7.0
7.0
7.0
7.0
7.0
7.0
7.0
7.0
7.0
7.0
7.0
7.0
7.0
7.0
7.0
7.0
7.0
7.0
7.0
7.0
3.0
7.0
7.0
7.0
7.0
7.0
7.0
16.0
7.0
37.0
3.0
2.0
7.0
7.0
3.0
3.0
7.0
7.0
3.0
36.0
3.0
3.0
7.0
3.0
7.0
7.0
22.0
2.0
1.0
22.0
7.0
7.0
2.0
7.0
7.0
7.0
7.0
20.0
22.0
3.0
7.0
15.0
7.0
7.0
15.0
15.0
1.0
1.0
1.0
7.0
7.0
7.0
7.0
7.0
2.0
7.0
37.0
7.0
1.0
7.0
1.0
7.0
15.0
7.0
16.0
