33.0
36.0
1.0
20.0
10.0
20.0
23.0
1.0
23.0
20.0
1.0
22.0
16.0
22.0
10.0
20.0
20.0
10.0
16.0
16.0
16.0
16.0
10.0
10.0
10.0
10.0
10.0
10.0
10.0
10.0
10.0
16.0
10.0
16.0
16.0
16.0
22.0
16.0
16.0
16.0
16.0
16.0
16.0
20.0
20.0
20.0
33.0
16.0
33.0
33.0
16.0
20.0
20.0
33.0
33.0
22.0
33.0
33.0
10.0
16.0
33.0
36.0
33.0
20.0
20.0
20.0
16.0
10.0
33.0
10.0
1.0
1.0
1.0
1.0
16.0
20.0
20.0
19.0
20.0
10.0
16.0
10.0
36.0
20.0
10.0
16.0
10.0
1.0
10.0
10.0
16.0
10.0
10.0
20.0
16.0
10.0
33.0
10.0
20.0
20.0
10.0
10.0
16.0
10.0
20.0
10.0
33.0
10.0
37.0
22.0
33.0
33.0
33.0
10.0
33.0
10.0
10.0
10.0
10.0
19.0
10.0
1.0
10.0
10.0
10.0
10.0
10.0
10.0
10.0
10.0
10.0
10.0
10.0
10.0
10.0
10.0
10.0
10.0
10.0
10.0
10.0
1.0
36.0
16.0
1.0
1.0
36.0
36.0
36.0
10.0
10.0
36.0
16.0
10.0
37.0
16.0
16.0
36.0
33.0
33.0
36.0
33.0
33.0
10.0
33.0
33.0
16.0
1.0
15.0
10.0
16.0
33.0
19.0
1.0
10.0
10.0
10.0
10.0
10.0
10.0
1.0
10.0
10.0
10.0
10.0
10.0
10.0
16.0
16.0
16.0
16.0
1.0
20.0
16.0
20.0
20.0
1.0
33.0
33.0
22.0
1.0
16.0
10.0
10.0
10.0
10.0
10.0
10.0
10.0
10.0
10.0
10.0
10.0
10.0
10.0
10.0
10.0
10.0
10.0
10.0
10.0
10.0
10.0
10.0
10.0
10.0
10.0
10.0
10.0
10.0
10.0
10.0
10.0
10.0
10.0
33.0
10.0
10.0
10.0
10.0
10.0
10.0
16.0
10.0
1.0
16.0
33.0
10.0
10.0
33.0
33.0
10.0
10.0
33.0
1.0
33.0
33.0
10.0
33.0
10.0
10.0
22.0
33.0
1.0
22.0
10.0
10.0
33.0
10.0
10.0
10.0
10.0
20.0
22.0
33.0
10.0
20.0
10.0
10.0
20.0
20.0
36.0
1.0
1.0
10.0
10.0
10.0
10.0
10.0
20.0
10.0
37.0
10.0
36.0
10.0
1.0
10.0
20.0
10.0
16.0
