4.0
36.0
23.0
20.0
10.0
20.0
23.0
23.0
23.0
23.0
20.0
22.0
20.0
22.0
22.0
20.0
20.0
22.0
20.0
20.0
20.0
20.0
10.0
10.0
10.0
10.0
10.0
10.0
10.0
10.0
10.0
20.0
22.0
20.0
20.0
20.0
22.0
20.0
20.0
20.0
20.0
20.0
20.0
20.0
20.0
20.0
33.0
20.0
33.0
20.0
20.0
20.0
22.0
33.0
33.0
22.0
20.0
33.0
10.0
20.0
4.0
20.0
20.0
20.0
20.0
20.0
20.0
10.0
20.0
10.0
23.0
23.0
23.0
23.0
20.0
20.0
20.0
22.0
20.0
10.0
20.0
10.0
23.0
20.0
10.0
20.0
10.0
23.0
10.0
10.0
20.0
10.0
10.0
20.0
20.0
10.0
33.0
22.0
20.0
20.0
10.0
22.0
20.0
10.0
20.0
10.0
4.0
10.0
23.0
22.0
20.0
20.0
33.0
22.0
4.0
22.0
22.0
10.0
10.0
22.0
10.0
23.0
10.0
10.0
10.0
10.0
10.0
10.0
10.0
10.0
22.0
10.0
10.0
10.0
10.0
10.0
10.0
10.0
10.0
10.0
10.0
23.0
36.0
20.0
23.0
23.0
23.0
36.0
20.0
10.0
37.0
36.0
20.0
10.0
23.0
20.0
20.0
36.0
20.0
20.0
23.0
33.0
33.0
10.0
33.0
33.0
20.0
23.0
20.0
10.0
20.0
33.0
10.0
23.0
10.0
10.0
10.0
10.0
10.0
10.0
23.0
10.0
10.0
10.0
10.0
10.0
10.0
20.0
20.0
20.0
20.0
23.0
20.0
20.0
20.0
20.0
23.0
20.0
4.0
22.0
23.0
20.0
10.0
10.0
10.0
10.0
10.0
10.0
10.0
10.0
10.0
10.0
10.0
10.0
10.0
10.0
10.0
10.0
10.0
10.0
10.0
10.0
10.0
10.0
10.0
10.0
10.0
10.0
10.0
10.0
10.0
10.0
10.0
10.0
10.0
33.0
10.0
10.0
10.0
10.0
10.0
10.0
20.0
10.0
23.0
20.0
4.0
10.0
10.0
33.0
33.0
10.0
10.0
33.0
23.0
20.0
20.0
10.0
20.0
10.0
10.0
22.0
20.0
23.0
22.0
10.0
10.0
20.0
10.0
10.0
10.0
10.0
20.0
22.0
33.0
10.0
20.0
10.0
10.0
20.0
20.0
20.0
23.0
23.0
10.0
10.0
10.0
10.0
10.0
20.0
10.0
37.0
10.0
36.0
10.0
23.0
10.0
20.0
10.0
20.0
