3.0
43.0
36.0
20.0
10.0
43.0
37.0
36.0
37.0
37.0
36.0
22.0
16.0
26.0
22.0
20.0
20.0
8.0
5.0
5.0
16.0
20.0
8.0
8.0
8.0
10.0
10.0
8.0
10.0
10.0
8.0
5.0
8.0
16.0
16.0
16.0
22.0
5.0
16.0
5.0
5.0
16.0
16.0
20.0
20.0
20.0
3.0
5.0
3.0
3.0
20.0
3.0
26.0
3.0
3.0
22.0
3.0
5.0
8.0
16.0
3.0
43.0
3.0
20.0
20.0
20.0
20.0
10.0
3.0
10.0
36.0
36.0
36.0
36.0
20.0
20.0
20.0
34.0
20.0
10.0
43.0
10.0
36.0
20.0
10.0
5.0
10.0
36.0
8.0
8.0
43.0
10.0
10.0
20.0
5.0
10.0
3.0
22.0
20.0
20.0
8.0
22.0
43.0
10.0
20.0
8.0
3.0
8.0
37.0
22.0
3.0
3.0
3.0
8.0
3.0
8.0
22.0
10.0
10.0
34.0
10.0
36.0
10.0
10.0
10.0
10.0
10.0
10.0
10.0
10.0
22.0
10.0
10.0
10.0
10.0
10.0
10.0
10.0
10.0
10.0
10.0
36.0
43.0
43.0
36.0
37.0
36.0
43.0
43.0
10.0
37.0
43.0
5.0
10.0
37.0
5.0
16.0
43.0
3.0
3.0
36.0
3.0
3.0
10.0
3.0
3.0
16.0
37.0
3.0
10.0
16.0
3.0
8.0
36.0
10.0
37.0
10.0
10.0
10.0
10.0
36.0
10.0
10.0
10.0
10.0
10.0
10.0
16.0
16.0
20.0
16.0
36.0
16.0
5.0
20.0
20.0
36.0
3.0
3.0
22.0
36.0
43.0
10.0
10.0
10.0
10.0
10.0
10.0
10.0
10.0
10.0
10.0
10.0
10.0
10.0
10.0
10.0
10.0
10.0
10.0
10.0
10.0
10.0
10.0
37.0
10.0
10.0
10.0
37.0
10.0
10.0
10.0
10.0
10.0
10.0
3.0
10.0
10.0
10.0
10.0
10.0
10.0
5.0
10.0
37.0
5.0
3.0
10.0
10.0
3.0
3.0
10.0
10.0
3.0
37.0
3.0
5.0
10.0
3.0
10.0
10.0
22.0
3.0
36.0
22.0
10.0
10.0
3.0
10.0
10.0
10.0
37.0
20.0
22.0
3.0
10.0
20.0
10.0
37.0
20.0
3.0
43.0
36.0
36.0
10.0
10.0
10.0
10.0
10.0
3.0
10.0
37.0
10.0
43.0
10.0
36.0
10.0
26.0
10.0
5.0
