4.0
36.0
36.0
20.0
45.0
36.0
1.0
36.0
1.0
1.0
36.0
22.0
16.0
26.0
22.0
20.0
20.0
22.0
4.0
4.0
16.0
4.0
22.0
7.0
7.0
45.0
37.0
22.0
45.0
45.0
7.0
16.0
22.0
16.0
16.0
16.0
22.0
4.0
16.0
16.0
4.0
16.0
16.0
20.0
20.0
20.0
4.0
16.0
4.0
4.0
4.0
2.0
4.0
4.0
4.0
22.0
2.0
4.0
22.0
16.0
4.0
36.0
4.0
20.0
20.0
20.0
4.0
45.0
4.0
45.0
36.0
36.0
36.0
36.0
16.0
20.0
20.0
4.0
20.0
45.0
43.0
45.0
36.0
20.0
45.0
4.0
45.0
36.0
22.0
22.0
43.0
45.0
45.0
20.0
16.0
45.0
2.0
22.0
20.0
20.0
7.0
22.0
43.0
45.0
20.0
7.0
4.0
22.0
1.0
22.0
4.0
4.0
4.0
22.0
2.0
22.0
22.0
45.0
37.0
3.0
37.0
1.0
45.0
45.0
45.0
45.0
45.0
45.0
45.0
45.0
22.0
45.0
45.0
45.0
45.0
45.0
45.0
45.0
45.0
45.0
45.0
36.0
43.0
43.0
1.0
1.0
36.0
36.0
43.0
45.0
37.0
43.0
4.0
45.0
1.0
16.0
16.0
36.0
4.0
4.0
36.0
4.0
4.0
45.0
4.0
4.0
16.0
1.0
2.0
37.0
16.0
4.0
26.0
36.0
45.0
37.0
45.0
45.0
45.0
45.0
36.0
45.0
45.0
45.0
45.0
37.0
45.0
16.0
16.0
16.0
16.0
36.0
20.0
4.0
20.0
20.0
1.0
2.0
4.0
22.0
36.0
43.0
45.0
45.0
45.0
45.0
45.0
45.0
45.0
45.0
45.0
45.0
45.0
45.0
45.0
45.0
45.0
45.0
45.0
45.0
45.0
45.0
45.0
45.0
37.0
45.0
45.0
45.0
37.0
45.0
45.0
45.0
45.0
45.0
45.0
4.0
45.0
45.0
45.0
45.0
45.0
45.0
4.0
45.0
1.0
4.0
2.0
37.0
45.0
4.0
4.0
45.0
45.0
4.0
1.0
4.0
4.0
45.0
4.0
45.0
45.0
22.0
4.0
36.0
22.0
45.0
37.0
2.0
37.0
45.0
45.0
37.0
26.0
22.0
4.0
45.0
4.0
45.0
37.0
4.0
4.0
36.0
36.0
36.0
45.0
45.0
45.0
45.0
45.0
4.0
45.0
1.0
45.0
36.0
45.0
36.0
45.0
26.0
37.0
4.0
