33.0
36.0
36.0
20.0
7.0
20.0
36.0
36.0
37.0
20.0
36.0
22.0
16.0
22.0
2.0
20.0
20.0
2.0
33.0
33.0
16.0
33.0
8.0
8.0
8.0
7.0
7.0
8.0
38.0
7.0
8.0
4.0
2.0
16.0
16.0
16.0
22.0
33.0
16.0
33.0
33.0
16.0
16.0
20.0
20.0
20.0
33.0
33.0
33.0
33.0
33.0
15.0
22.0
33.0
33.0
2.0
22.0
33.0
2.0
16.0
33.0
36.0
33.0
20.0
20.0
20.0
16.0
7.0
33.0
7.0
36.0
36.0
36.0
36.0
16.0
20.0
20.0
8.0
20.0
7.0
16.0
7.0
36.0
20.0
38.0
33.0
7.0
36.0
2.0
8.0
16.0
7.0
7.0
20.0
16.0
7.0
33.0
2.0
20.0
20.0
8.0
2.0
16.0
11.0
20.0
8.0
33.0
2.0
37.0
22.0
33.0
33.0
33.0
2.0
33.0
2.0
2.0
45.0
7.0
43.0
7.0
36.0
11.0
11.0
11.0
38.0
11.0
7.0
38.0
11.0
2.0
38.0
11.0
11.0
11.0
11.0
11.0
7.0
45.0
38.0
45.0
36.0
36.0
16.0
36.0
1.0
36.0
36.0
36.0
7.0
37.0
36.0
33.0
7.0
37.0
33.0
16.0
36.0
33.0
33.0
36.0
33.0
33.0
7.0
33.0
33.0
16.0
1.0
33.0
37.0
16.0
33.0
8.0
36.0
7.0
7.0
7.0
11.0
7.0
38.0
36.0
45.0
45.0
45.0
7.0
7.0
38.0
16.0
16.0
16.0
16.0
36.0
20.0
33.0
20.0
20.0
36.0
33.0
33.0
22.0
36.0
16.0
7.0
45.0
45.0
45.0
7.0
7.0
7.0
7.0
38.0
45.0
7.0
7.0
7.0
7.0
11.0
38.0
7.0
7.0
38.0
38.0
38.0
38.0
7.0
7.0
7.0
7.0
37.0
7.0
7.0
7.0
7.0
7.0
7.0
33.0
7.0
7.0
11.0
7.0
7.0
7.0
33.0
7.0
1.0
33.0
33.0
7.0
7.0
33.0
33.0
7.0
7.0
33.0
1.0
33.0
33.0
7.0
33.0
7.0
7.0
2.0
33.0
36.0
22.0
7.0
7.0
33.0
7.0
38.0
7.0
37.0
8.0
2.0
33.0
11.0
33.0
38.0
37.0
33.0
33.0
36.0
36.0
36.0
11.0
7.0
11.0
7.0
11.0
33.0
7.0
37.0
11.0
36.0
11.0
36.0
11.0
20.0
7.0
33.0
