3.0
43.0
36.0
20.0
45.0
43.0
43.0
36.0
1.0
43.0
36.0
22.0
16.0
20.0
22.0
20.0
20.0
22.0
3.0
3.0
16.0
20.0
10.0
10.0
10.0
45.0
10.0
10.0
45.0
45.0
10.0
16.0
22.0
16.0
16.0
16.0
22.0
3.0
16.0
16.0
16.0
16.0
16.0
20.0
20.0
20.0
3.0
16.0
3.0
3.0
20.0
22.0
22.0
3.0
3.0
22.0
22.0
3.0
22.0
16.0
3.0
43.0
3.0
20.0
20.0
20.0
20.0
45.0
3.0
45.0
36.0
1.0
1.0
36.0
20.0
20.0
20.0
22.0
20.0
45.0
43.0
45.0
36.0
20.0
45.0
16.0
45.0
36.0
22.0
10.0
43.0
45.0
45.0
20.0
20.0
45.0
3.0
22.0
20.0
20.0
10.0
22.0
43.0
45.0
20.0
10.0
3.0
10.0
1.0
22.0
3.0
3.0
3.0
22.0
3.0
22.0
22.0
45.0
45.0
22.0
10.0
1.0
45.0
45.0
45.0
45.0
45.0
45.0
45.0
45.0
22.0
45.0
45.0
45.0
45.0
45.0
45.0
45.0
45.0
45.0
45.0
36.0
43.0
43.0
1.0
1.0
36.0
43.0
43.0
45.0
37.0
43.0
16.0
45.0
1.0
16.0
16.0
43.0
3.0
3.0
36.0
3.0
3.0
45.0
3.0
3.0
16.0
1.0
22.0
10.0
16.0
3.0
10.0
1.0
45.0
10.0
45.0
45.0
45.0
45.0
36.0
45.0
45.0
45.0
45.0
10.0
45.0
16.0
16.0
16.0
16.0
36.0
20.0
3.0
20.0
20.0
1.0
3.0
3.0
22.0
36.0
43.0
45.0
45.0
45.0
45.0
45.0
45.0
45.0
45.0
45.0
45.0
45.0
45.0
45.0
45.0
45.0
45.0
45.0
45.0
45.0
45.0
45.0
45.0
45.0
45.0
45.0
45.0
10.0
45.0
45.0
45.0
45.0
45.0
45.0
3.0
45.0
45.0
45.0
45.0
45.0
45.0
16.0
45.0
1.0
3.0
3.0
10.0
45.0
3.0
3.0
45.0
45.0
3.0
1.0
3.0
3.0
45.0
3.0
45.0
45.0
22.0
3.0
36.0
22.0
45.0
10.0
3.0
10.0
45.0
45.0
10.0
20.0
22.0
3.0
45.0
20.0
45.0
10.0
20.0
20.0
43.0
36.0
36.0
45.0
45.0
45.0
45.0
45.0
22.0
45.0
1.0
45.0
43.0
45.0
36.0
45.0
20.0
10.0
20.0
