2.0
16.0
1.0
4.0
10.0
16.0
1.0
1.0
1.0
1.0
1.0
2.0
16.0
22.0
2.0
16.0
16.0
2.0
4.0
4.0
16.0
4.0
10.0
10.0
10.0
10.0
10.0
10.0
10.0
10.0
10.0
16.0
2.0
16.0
16.0
16.0
2.0
4.0
16.0
16.0
4.0
16.0
16.0
16.0
16.0
16.0
4.0
16.0
4.0
4.0
16.0
2.0
4.0
4.0
4.0
2.0
2.0
4.0
2.0
16.0
4.0
16.0
4.0
16.0
16.0
16.0
16.0
10.0
4.0
10.0
1.0
1.0
1.0
1.0
16.0
16.0
16.0
4.0
16.0
10.0
16.0
10.0
1.0
16.0
10.0
4.0
10.0
1.0
2.0
10.0
16.0
10.0
10.0
16.0
16.0
10.0
2.0
2.0
16.0
20.0
10.0
2.0
16.0
10.0
16.0
10.0
2.0
10.0
1.0
2.0
4.0
4.0
2.0
2.0
2.0
2.0
2.0
10.0
10.0
4.0
10.0
1.0
10.0
10.0
10.0
10.0
10.0
10.0
10.0
10.0
2.0
10.0
10.0
10.0
10.0
10.0
10.0
10.0
10.0
10.0
10.0
1.0
16.0
16.0
1.0
23.0
1.0
16.0
16.0
10.0
10.0
16.0
4.0
10.0
1.0
16.0
16.0
16.0
4.0
4.0
1.0
4.0
2.0
10.0
2.0
2.0
16.0
23.0
2.0
10.0
16.0
4.0
10.0
1.0
10.0
10.0
10.0
10.0
10.0
10.0
1.0
10.0
10.0
10.0
10.0
10.0
10.0
16.0
16.0
16.0
16.0
1.0
16.0
4.0
16.0
16.0
1.0
2.0
2.0
2.0
1.0
16.0
10.0
10.0
10.0
10.0
10.0
10.0
10.0
10.0
10.0
10.0
10.0
10.0
10.0
10.0
10.0
10.0
10.0
10.0
10.0
10.0
10.0
10.0
10.0
10.0
10.0
10.0
10.0
10.0
10.0
10.0
10.0
10.0
10.0
4.0
10.0
10.0
10.0
10.0
10.0
10.0
16.0
10.0
23.0
4.0
2.0
10.0
10.0
4.0
4.0
10.0
10.0
4.0
1.0
4.0
4.0
10.0
4.0
10.0
10.0
2.0
2.0
1.0
2.0
10.0
10.0
2.0
10.0
10.0
10.0
10.0
16.0
2.0
4.0
10.0
4.0
10.0
10.0
4.0
4.0
16.0
1.0
1.0
10.0
10.0
10.0
10.0
10.0
2.0
10.0
10.0
10.0
1.0
10.0
1.0
10.0
20.0
10.0
16.0
