4.0
36.0
36.0
20.0
10.0
20.0
36.0
36.0
43.0
43.0
36.0
2.0
20.0
2.0
2.0
20.0
20.0
2.0
4.0
4.0
20.0
4.0
39.0
39.0
39.0
10.0
10.0
39.0
38.0
38.0
39.0
20.0
2.0
20.0
20.0
20.0
2.0
4.0
20.0
4.0
4.0
20.0
20.0
20.0
20.0
20.0
4.0
20.0
4.0
4.0
20.0
4.0
4.0
4.0
4.0
2.0
2.0
4.0
2.0
20.0
4.0
36.0
4.0
20.0
20.0
20.0
20.0
10.0
4.0
10.0
36.0
36.0
36.0
36.0
20.0
20.0
20.0
3.0
20.0
10.0
20.0
10.0
36.0
20.0
38.0
4.0
10.0
36.0
2.0
39.0
36.0
10.0
10.0
20.0
20.0
10.0
4.0
2.0
20.0
20.0
39.0
2.0
20.0
38.0
20.0
39.0
4.0
39.0
10.0
2.0
4.0
4.0
4.0
2.0
4.0
2.0
2.0
38.0
10.0
3.0
10.0
36.0
38.0
38.0
38.0
38.0
38.0
10.0
38.0
38.0
2.0
38.0
38.0
38.0
38.0
38.0
38.0
38.0
38.0
38.0
38.0
36.0
36.0
43.0
36.0
10.0
36.0
36.0
36.0
10.0
10.0
36.0
4.0
10.0
10.0
4.0
20.0
36.0
4.0
4.0
36.0
4.0
4.0
10.0
4.0
4.0
20.0
10.0
4.0
10.0
20.0
4.0
8.0
36.0
10.0
10.0
10.0
38.0
38.0
38.0
36.0
38.0
38.0
38.0
10.0
10.0
38.0
20.0
20.0
20.0
20.0
36.0
20.0
4.0
20.0
20.0
36.0
4.0
4.0
2.0
36.0
20.0
38.0
38.0
38.0
38.0
38.0
38.0
10.0
10.0
38.0
38.0
10.0
10.0
10.0
10.0
38.0
38.0
10.0
10.0
38.0
38.0
38.0
38.0
10.0
10.0
10.0
10.0
10.0
38.0
10.0
10.0
10.0
10.0
10.0
4.0
38.0
10.0
38.0
10.0
10.0
38.0
4.0
10.0
10.0
4.0
4.0
10.0
38.0
4.0
4.0
38.0
38.0
4.0
48.0
4.0
4.0
38.0
4.0
10.0
10.0
2.0
4.0
36.0
2.0
10.0
10.0
4.0
10.0
38.0
10.0
10.0
20.0
2.0
4.0
38.0
4.0
38.0
10.0
4.0
4.0
36.0
36.0
36.0
38.0
10.0
38.0
10.0
38.0
4.0
10.0
10.0
38.0
36.0
38.0
36.0
38.0
20.0
10.0
20.0
