4.0
36.0
1.0
20.0
41.0
36.0
1.0
1.0
37.0
1.0
1.0
2.0
16.0
8.0
2.0
20.0
20.0
2.0
4.0
4.0
16.0
4.0
10.0
10.0
10.0
41.0
41.0
10.0
38.0
38.0
10.0
16.0
2.0
16.0
16.0
16.0
2.0
4.0
16.0
16.0
4.0
16.0
16.0
20.0
20.0
20.0
4.0
16.0
4.0
4.0
4.0
2.0
8.0
4.0
4.0
2.0
2.0
4.0
2.0
16.0
4.0
36.0
4.0
20.0
20.0
20.0
16.0
41.0
4.0
41.0
1.0
1.0
1.0
1.0
16.0
20.0
20.0
8.0
20.0
41.0
16.0
41.0
36.0
20.0
38.0
4.0
41.0
1.0
2.0
10.0
43.0
41.0
41.0
20.0
16.0
41.0
4.0
2.0
20.0
20.0
8.0
2.0
16.0
38.0
20.0
8.0
4.0
2.0
1.0
2.0
4.0
4.0
4.0
2.0
4.0
2.0
2.0
41.0
41.0
8.0
41.0
1.0
38.0
38.0
38.0
38.0
38.0
41.0
38.0
38.0
2.0
38.0
38.0
38.0
38.0
38.0
38.0
41.0
38.0
38.0
38.0
1.0
36.0
16.0
1.0
1.0
36.0
36.0
43.0
41.0
1.0
43.0
4.0
41.0
1.0
16.0
16.0
36.0
4.0
4.0
36.0
4.0
4.0
41.0
4.0
4.0
16.0
1.0
4.0
41.0
16.0
4.0
8.0
1.0
41.0
41.0
41.0
38.0
41.0
38.0
1.0
38.0
38.0
41.0
41.0
41.0
38.0
16.0
16.0
16.0
16.0
1.0
16.0
4.0
20.0
20.0
1.0
4.0
4.0
2.0
1.0
16.0
41.0
38.0
38.0
38.0
41.0
41.0
41.0
41.0
38.0
38.0
41.0
41.0
41.0
41.0
38.0
38.0
41.0
41.0
38.0
38.0
38.0
38.0
41.0
41.0
41.0
41.0
37.0
41.0
41.0
41.0
41.0
41.0
41.0
4.0
41.0
41.0
38.0
41.0
41.0
38.0
16.0
41.0
1.0
4.0
4.0
41.0
41.0
4.0
4.0
41.0
41.0
4.0
1.0
4.0
4.0
41.0
4.0
41.0
41.0
2.0
4.0
1.0
2.0
41.0
41.0
2.0
41.0
38.0
41.0
37.0
8.0
2.0
4.0
38.0
4.0
38.0
37.0
4.0
4.0
36.0
1.0
1.0
38.0
41.0
38.0
41.0
38.0
4.0
41.0
1.0
38.0
36.0
38.0
36.0
38.0
20.0
41.0
16.0
