4.0
43.0
1.0
4.0
10.0
43.0
1.0
1.0
37.0
43.0
43.0
2.0
20.0
26.0
2.0
20.0
20.0
2.0
4.0
4.0
20.0
4.0
39.0
8.0
39.0
10.0
10.0
39.0
10.0
10.0
39.0
4.0
2.0
20.0
20.0
15.0
2.0
4.0
15.0
4.0
4.0
15.0
15.0
20.0
20.0
20.0
4.0
4.0
4.0
4.0
4.0
4.0
15.0
4.0
4.0
2.0
4.0
4.0
2.0
15.0
4.0
43.0
4.0
20.0
20.0
20.0
4.0
10.0
4.0
10.0
1.0
1.0
1.0
1.0
20.0
20.0
20.0
4.0
20.0
10.0
43.0
10.0
43.0
20.0
10.0
4.0
10.0
1.0
2.0
39.0
43.0
10.0
10.0
20.0
4.0
10.0
4.0
2.0
20.0
20.0
8.0
2.0
43.0
10.0
20.0
8.0
4.0
2.0
1.0
2.0
4.0
4.0
4.0
2.0
4.0
2.0
2.0
10.0
10.0
43.0
10.0
1.0
10.0
10.0
10.0
10.0
10.0
10.0
10.0
10.0
2.0
10.0
10.0
10.0
10.0
10.0
10.0
10.0
10.0
10.0
10.0
1.0
43.0
43.0
1.0
1.0
43.0
43.0
43.0
10.0
1.0
43.0
4.0
10.0
1.0
4.0
15.0
43.0
4.0
4.0
43.0
4.0
4.0
10.0
4.0
4.0
43.0
1.0
4.0
10.0
15.0
4.0
8.0
1.0
10.0
10.0
10.0
10.0
10.0
10.0
1.0
10.0
10.0
10.0
10.0
10.0
10.0
20.0
20.0
20.0
20.0
1.0
20.0
4.0
20.0
20.0
1.0
4.0
4.0
2.0
1.0
43.0
10.0
10.0
10.0
10.0
10.0
10.0
10.0
10.0
10.0
10.0
10.0
10.0
10.0
10.0
10.0
10.0
10.0
10.0
10.0
10.0
10.0
10.0
10.0
10.0
10.0
10.0
10.0
10.0
10.0
10.0
10.0
10.0
10.0
4.0
10.0
10.0
10.0
10.0
10.0
10.0
4.0
10.0
1.0
4.0
4.0
10.0
10.0
4.0
4.0
10.0
10.0
4.0
1.0
4.0
4.0
10.0
4.0
10.0
10.0
2.0
4.0
1.0
2.0
10.0
10.0
4.0
10.0
10.0
10.0
10.0
26.0
2.0
4.0
10.0
4.0
10.0
1.0
4.0
4.0
43.0
6.0
1.0
10.0
10.0
10.0
10.0
10.0
4.0
10.0
1.0
10.0
43.0
10.0
6.0
10.0
26.0
10.0
4.0
