2.0
43.0
1.0
4.0
10.0
43.0
43.0
1.0
37.0
43.0
1.0
2.0
16.0
20.0
2.0
20.0
20.0
2.0
4.0
4.0
16.0
4.0
10.0
10.0
10.0
10.0
10.0
10.0
10.0
10.0
10.0
4.0
2.0
20.0
20.0
20.0
22.0
4.0
16.0
4.0
4.0
16.0
16.0
20.0
20.0
20.0
2.0
4.0
4.0
2.0
4.0
2.0
22.0
2.0
2.0
2.0
2.0
4.0
2.0
20.0
2.0
43.0
4.0
20.0
20.0
20.0
4.0
10.0
4.0
10.0
1.0
1.0
1.0
1.0
20.0
20.0
20.0
22.0
20.0
10.0
43.0
10.0
43.0
20.0
10.0
4.0
10.0
1.0
2.0
10.0
43.0
10.0
10.0
20.0
4.0
10.0
2.0
2.0
20.0
20.0
10.0
2.0
43.0
10.0
20.0
10.0
2.0
10.0
37.0
22.0
2.0
2.0
2.0
2.0
2.0
2.0
2.0
10.0
10.0
22.0
10.0
1.0
10.0
10.0
10.0
10.0
10.0
10.0
10.0
10.0
2.0
10.0
10.0
10.0
10.0
10.0
10.0
10.0
10.0
10.0
10.0
1.0
43.0
43.0
1.0
37.0
43.0
43.0
43.0
10.0
10.0
43.0
4.0
10.0
37.0
4.0
16.0
43.0
4.0
2.0
43.0
2.0
2.0
10.0
2.0
2.0
16.0
37.0
2.0
10.0
20.0
4.0
8.0
1.0
10.0
10.0
10.0
10.0
10.0
10.0
1.0
10.0
10.0
10.0
10.0
10.0
10.0
20.0
20.0
20.0
20.0
1.0
20.0
4.0
20.0
20.0
1.0
2.0
2.0
22.0
1.0
43.0
10.0
10.0
10.0
10.0
10.0
10.0
10.0
10.0
10.0
10.0
10.0
10.0
10.0
10.0
10.0
10.0
10.0
10.0
10.0
10.0
10.0
10.0
10.0
10.0
10.0
10.0
10.0
10.0
10.0
10.0
10.0
10.0
10.0
4.0
10.0
10.0
10.0
10.0
10.0
10.0
4.0
10.0
37.0
4.0
2.0
10.0
10.0
4.0
4.0
10.0
10.0
4.0
37.0
4.0
4.0
10.0
4.0
10.0
10.0
2.0
2.0
1.0
22.0
10.0
10.0
2.0
10.0
10.0
10.0
10.0
8.0
2.0
4.0
10.0
4.0
10.0
10.0
4.0
4.0
43.0
1.0
1.0
10.0
10.0
10.0
10.0
10.0
2.0
10.0
37.0
10.0
43.0
10.0
1.0
10.0
20.0
10.0
4.0
