4.0
36.0
36.0
4.0
10.0
36.0
1.0
36.0
17.0
1.0
36.0
2.0
20.0
22.0
2.0
20.0
20.0
2.0
4.0
4.0
20.0
4.0
10.0
10.0
10.0
10.0
10.0
10.0
10.0
10.0
10.0
4.0
2.0
20.0
20.0
20.0
2.0
4.0
20.0
4.0
4.0
20.0
20.0
20.0
20.0
20.0
4.0
4.0
4.0
4.0
4.0
2.0
4.0
4.0
4.0
2.0
2.0
4.0
2.0
20.0
4.0
36.0
4.0
20.0
20.0
20.0
20.0
10.0
4.0
10.0
36.0
36.0
36.0
36.0
20.0
20.0
20.0
8.0
20.0
10.0
20.0
10.0
36.0
20.0
10.0
4.0
10.0
36.0
2.0
10.0
36.0
10.0
10.0
20.0
4.0
10.0
2.0
2.0
20.0
20.0
10.0
2.0
20.0
10.0
20.0
10.0
4.0
10.0
48.0
2.0
4.0
4.0
4.0
2.0
2.0
2.0
2.0
10.0
10.0
8.0
10.0
1.0
10.0
10.0
10.0
10.0
10.0
10.0
10.0
10.0
2.0
10.0
10.0
10.0
10.0
10.0
10.0
10.0
10.0
10.0
10.0
36.0
36.0
20.0
1.0
48.0
36.0
36.0
36.0
10.0
10.0
36.0
4.0
10.0
48.0
4.0
20.0
36.0
4.0
4.0
36.0
4.0
4.0
10.0
4.0
4.0
20.0
48.0
2.0
10.0
20.0
4.0
8.0
36.0
10.0
10.0
10.0
10.0
10.0
10.0
36.0
10.0
10.0
10.0
10.0
10.0
10.0
20.0
20.0
20.0
20.0
36.0
20.0
4.0
20.0
20.0
1.0
2.0
4.0
2.0
36.0
20.0
10.0
10.0
10.0
10.0
10.0
10.0
10.0
10.0
10.0
10.0
10.0
10.0
10.0
10.0
10.0
10.0
10.0
10.0
10.0
10.0
10.0
10.0
10.0
10.0
10.0
10.0
10.0
10.0
10.0
10.0
10.0
10.0
10.0
4.0
10.0
10.0
10.0
10.0
10.0
10.0
4.0
10.0
48.0
4.0
2.0
10.0
10.0
4.0
4.0
10.0
10.0
4.0
1.0
4.0
4.0
10.0
4.0
10.0
10.0
2.0
4.0
36.0
2.0
10.0
10.0
2.0
10.0
10.0
10.0
10.0
8.0
2.0
4.0
10.0
4.0
10.0
10.0
4.0
4.0
36.0
36.0
36.0
10.0
10.0
10.0
10.0
10.0
4.0
10.0
48.0
10.0
36.0
10.0
36.0
10.0
20.0
10.0
4.0
