4.0
36.0
36.0
4.0
38.0
20.0
36.0
36.0
37.0
37.0
20.0
26.0
16.0
26.0
2.0
20.0
20.0
2.0
4.0
4.0
16.0
4.0
10.0
10.0
10.0
37.0
10.0
10.0
38.0
38.0
10.0
16.0
2.0
16.0
16.0
16.0
2.0
4.0
16.0
4.0
4.0
16.0
16.0
16.0
20.0
20.0
4.0
16.0
4.0
4.0
4.0
2.0
26.0
4.0
4.0
2.0
2.0
4.0
2.0
16.0
4.0
36.0
4.0
16.0
20.0
16.0
4.0
38.0
4.0
38.0
36.0
36.0
36.0
36.0
16.0
16.0
20.0
4.0
20.0
38.0
20.0
37.0
36.0
16.0
38.0
4.0
38.0
36.0
2.0
10.0
20.0
38.0
37.0
20.0
16.0
38.0
4.0
2.0
20.0
20.0
10.0
2.0
20.0
38.0
20.0
19.0
4.0
2.0
37.0
2.0
4.0
4.0
4.0
2.0
4.0
2.0
2.0
38.0
10.0
4.0
10.0
36.0
38.0
38.0
38.0
38.0
38.0
38.0
38.0
38.0
2.0
38.0
38.0
38.0
38.0
38.0
38.0
38.0
38.0
38.0
38.0
36.0
36.0
36.0
36.0
37.0
36.0
36.0
36.0
37.0
10.0
36.0
4.0
38.0
37.0
4.0
16.0
36.0
4.0
4.0
36.0
4.0
4.0
38.0
4.0
4.0
20.0
37.0
4.0
10.0
16.0
4.0
19.0
36.0
38.0
10.0
38.0
38.0
38.0
38.0
36.0
38.0
38.0
38.0
38.0
10.0
38.0
16.0
16.0
16.0
16.0
36.0
20.0
4.0
20.0
20.0
36.0
4.0
4.0
2.0
36.0
20.0
38.0
38.0
38.0
38.0
38.0
38.0
38.0
38.0
38.0
38.0
38.0
38.0
38.0
38.0
38.0
38.0
38.0
38.0
38.0
38.0
38.0
38.0
37.0
38.0
38.0
38.0
10.0
38.0
38.0
38.0
38.0
38.0
38.0
4.0
38.0
38.0
38.0
38.0
38.0
38.0
4.0
38.0
37.0
4.0
4.0
10.0
38.0
4.0
4.0
38.0
38.0
4.0
36.0
4.0
4.0
38.0
4.0
38.0
38.0
2.0
4.0
36.0
2.0
38.0
10.0
2.0
10.0
38.0
38.0
10.0
26.0
2.0
4.0
38.0
4.0
38.0
10.0
4.0
4.0
36.0
36.0
36.0
38.0
38.0
38.0
38.0
38.0
4.0
38.0
37.0
38.0
36.0
38.0
36.0
38.0
26.0
10.0
4.0
