2.0
1.0
1.0
20.0
10.0
1.0
1.0
1.0
1.0
1.0
1.0
2.0
20.0
20.0
2.0
20.0
20.0
2.0
4.0
4.0
20.0
4.0
29.0
10.0
29.0
10.0
10.0
29.0
10.0
10.0
29.0
16.0
2.0
20.0
20.0
20.0
22.0
4.0
20.0
16.0
4.0
20.0
20.0
20.0
20.0
20.0
2.0
16.0
4.0
2.0
20.0
2.0
22.0
4.0
2.0
2.0
2.0
4.0
2.0
20.0
4.0
36.0
4.0
20.0
20.0
20.0
20.0
10.0
4.0
10.0
1.0
1.0
1.0
1.0
20.0
20.0
20.0
4.0
20.0
10.0
20.0
10.0
1.0
20.0
10.0
4.0
10.0
1.0
2.0
29.0
20.0
10.0
10.0
20.0
20.0
10.0
2.0
2.0
20.0
20.0
10.0
2.0
20.0
10.0
20.0
10.0
2.0
29.0
1.0
2.0
4.0
2.0
2.0
2.0
2.0
2.0
2.0
10.0
10.0
19.0
10.0
1.0
10.0
10.0
10.0
10.0
10.0
10.0
10.0
10.0
2.0
10.0
10.0
10.0
10.0
10.0
10.0
10.0
10.0
10.0
10.0
1.0
14.0
20.0
1.0
1.0
1.0
14.0
36.0
10.0
10.0
36.0
4.0
10.0
1.0
16.0
20.0
14.0
4.0
2.0
1.0
4.0
2.0
10.0
2.0
2.0
20.0
1.0
2.0
10.0
5.0
4.0
10.0
1.0
10.0
10.0
10.0
10.0
10.0
10.0
1.0
10.0
10.0
10.0
10.0
10.0
10.0
20.0
20.0
20.0
20.0
1.0
20.0
4.0
20.0
20.0
1.0
2.0
2.0
2.0
1.0
20.0
10.0
10.0
10.0
10.0
10.0
10.0
10.0
10.0
10.0
10.0
10.0
10.0
10.0
10.0
10.0
10.0
10.0
10.0
10.0
10.0
10.0
10.0
10.0
10.0
10.0
10.0
10.0
10.0
10.0
10.0
10.0
10.0
10.0
4.0
10.0
10.0
10.0
10.0
10.0
10.0
16.0
10.0
1.0
4.0
2.0
10.0
10.0
4.0
4.0
10.0
10.0
4.0
1.0
4.0
4.0
10.0
4.0
10.0
10.0
2.0
2.0
1.0
2.0
10.0
10.0
2.0
10.0
10.0
10.0
10.0
20.0
2.0
4.0
10.0
4.0
10.0
10.0
4.0
4.0
36.0
1.0
1.0
10.0
10.0
10.0
10.0
10.0
2.0
10.0
1.0
10.0
14.0
10.0
1.0
10.0
20.0
10.0
16.0
