33.0
1.0
1.0
20.0
10.0
1.0
1.0
1.0
37.0
37.0
1.0
22.0
16.0
22.0
8.0
20.0
20.0
8.0
4.0
4.0
16.0
4.0
8.0
8.0
8.0
10.0
10.0
8.0
10.0
10.0
8.0
16.0
8.0
16.0
16.0
16.0
22.0
33.0
16.0
16.0
33.0
16.0
16.0
20.0
20.0
20.0
33.0
16.0
33.0
33.0
16.0
4.0
22.0
33.0
33.0
8.0
8.0
33.0
8.0
16.0
33.0
16.0
33.0
20.0
20.0
20.0
16.0
10.0
33.0
10.0
1.0
1.0
1.0
1.0
16.0
20.0
20.0
8.0
20.0
10.0
16.0
10.0
1.0
20.0
10.0
16.0
10.0
1.0
8.0
8.0
16.0
10.0
10.0
20.0
16.0
10.0
33.0
8.0
20.0
20.0
8.0
8.0
16.0
10.0
20.0
8.0
33.0
8.0
1.0
22.0
33.0
33.0
33.0
8.0
33.0
8.0
8.0
10.0
10.0
8.0
10.0
1.0
10.0
10.0
10.0
10.0
10.0
10.0
10.0
10.0
8.0
10.0
10.0
10.0
10.0
10.0
10.0
10.0
10.0
10.0
10.0
1.0
16.0
16.0
1.0
1.0
1.0
16.0
16.0
10.0
37.0
16.0
33.0
10.0
1.0
16.0
16.0
20.0
33.0
4.0
1.0
33.0
33.0
10.0
33.0
33.0
16.0
1.0
4.0
10.0
16.0
33.0
26.0
1.0
10.0
10.0
10.0
10.0
10.0
10.0
1.0
10.0
10.0
10.0
10.0
10.0
10.0
16.0
16.0
16.0
16.0
1.0
20.0
33.0
20.0
20.0
1.0
8.0
33.0
22.0
1.0
16.0
10.0
10.0
10.0
10.0
10.0
10.0
10.0
10.0
10.0
10.0
10.0
10.0
10.0
10.0
10.0
10.0
10.0
10.0
10.0
10.0
10.0
10.0
10.0
10.0
10.0
10.0
10.0
10.0
10.0
10.0
10.0
10.0
10.0
33.0
10.0
10.0
10.0
10.0
10.0
10.0
16.0
10.0
1.0
4.0
8.0
10.0
10.0
33.0
33.0
10.0
10.0
33.0
1.0
4.0
4.0
10.0
33.0
10.0
10.0
8.0
8.0
1.0
22.0
10.0
10.0
8.0
10.0
10.0
10.0
10.0
8.0
8.0
33.0
10.0
4.0
10.0
10.0
4.0
4.0
16.0
1.0
1.0
10.0
10.0
10.0
10.0
10.0
4.0
10.0
1.0
10.0
1.0
10.0
1.0
10.0
20.0
10.0
16.0
