4.0
1.0
1.0
20.0
10.0
1.0
1.0
1.0
1.0
1.0
1.0
8.0
20.0
8.0
8.0
20.0
20.0
8.0
4.0
4.0
20.0
4.0
8.0
8.0
8.0
10.0
10.0
8.0
10.0
10.0
8.0
4.0
8.0
20.0
20.0
20.0
8.0
4.0
20.0
4.0
4.0
20.0
3.0
20.0
20.0
20.0
4.0
4.0
4.0
4.0
4.0
4.0
4.0
4.0
4.0
8.0
4.0
4.0
8.0
20.0
4.0
1.0
4.0
20.0
20.0
20.0
20.0
10.0
4.0
10.0
1.0
1.0
1.0
1.0
20.0
20.0
20.0
4.0
20.0
10.0
20.0
10.0
1.0
20.0
10.0
4.0
10.0
1.0
8.0
8.0
1.0
10.0
10.0
20.0
20.0
10.0
4.0
8.0
20.0
20.0
8.0
8.0
1.0
10.0
20.0
8.0
4.0
8.0
1.0
8.0
4.0
4.0
4.0
8.0
4.0
8.0
8.0
10.0
10.0
8.0
10.0
1.0
10.0
10.0
10.0
10.0
10.0
10.0
10.0
10.0
8.0
10.0
10.0
10.0
10.0
10.0
10.0
10.0
10.0
10.0
10.0
1.0
1.0
1.0
1.0
1.0
1.0
1.0
1.0
10.0
37.0
1.0
4.0
10.0
1.0
4.0
20.0
1.0
4.0
4.0
1.0
4.0
4.0
10.0
4.0
4.0
20.0
1.0
4.0
10.0
20.0
4.0
8.0
1.0
10.0
10.0
10.0
10.0
10.0
10.0
1.0
10.0
10.0
10.0
10.0
10.0
10.0
20.0
20.0
20.0
20.0
1.0
20.0
4.0
20.0
20.0
1.0
4.0
4.0
8.0
1.0
3.0
10.0
10.0
10.0
10.0
10.0
10.0
10.0
10.0
10.0
10.0
10.0
10.0
10.0
10.0
10.0
10.0
10.0
10.0
10.0
10.0
10.0
10.0
10.0
10.0
10.0
10.0
10.0
10.0
10.0
10.0
10.0
10.0
10.0
4.0
10.0
10.0
10.0
10.0
10.0
10.0
4.0
10.0
1.0
4.0
4.0
10.0
10.0
4.0
4.0
10.0
10.0
4.0
1.0
4.0
4.0
10.0
4.0
10.0
10.0
8.0
4.0
1.0
8.0
10.0
10.0
4.0
10.0
10.0
10.0
10.0
20.0
8.0
4.0
10.0
4.0
10.0
10.0
4.0
4.0
1.0
23.0
1.0
10.0
10.0
10.0
10.0
10.0
4.0
10.0
37.0
10.0
1.0
10.0
1.0
10.0
20.0
10.0
4.0
