4.0
16.0
1.0
16.0
10.0
6.0
1.0
1.0
37.0
37.0
1.0
8.0
16.0
8.0
8.0
20.0
16.0
8.0
4.0
4.0
16.0
4.0
8.0
8.0
8.0
10.0
10.0
8.0
10.0
10.0
8.0
16.0
8.0
16.0
16.0
16.0
2.0
4.0
16.0
16.0
4.0
16.0
16.0
16.0
16.0
16.0
4.0
16.0
4.0
4.0
16.0
4.0
15.0
4.0
4.0
8.0
2.0
4.0
8.0
16.0
4.0
16.0
4.0
16.0
16.0
16.0
16.0
10.0
4.0
10.0
1.0
1.0
1.0
1.0
16.0
16.0
16.0
4.0
16.0
10.0
16.0
10.0
1.0
16.0
10.0
4.0
10.0
1.0
8.0
8.0
16.0
10.0
10.0
16.0
16.0
10.0
4.0
8.0
16.0
16.0
8.0
8.0
16.0
10.0
16.0
10.0
4.0
8.0
1.0
8.0
4.0
4.0
4.0
8.0
4.0
8.0
8.0
10.0
10.0
34.0
10.0
1.0
10.0
10.0
10.0
10.0
10.0
10.0
10.0
10.0
8.0
10.0
10.0
10.0
10.0
10.0
10.0
10.0
10.0
10.0
10.0
1.0
16.0
16.0
1.0
1.0
1.0
16.0
16.0
10.0
10.0
16.0
4.0
10.0
1.0
16.0
16.0
16.0
4.0
4.0
1.0
4.0
4.0
10.0
4.0
4.0
16.0
1.0
4.0
10.0
16.0
4.0
19.0
1.0
10.0
10.0
10.0
10.0
10.0
10.0
1.0
10.0
10.0
10.0
10.0
10.0
10.0
16.0
16.0
16.0
16.0
1.0
16.0
4.0
20.0
16.0
1.0
4.0
4.0
2.0
1.0
16.0
10.0
10.0
10.0
10.0
10.0
10.0
10.0
10.0
10.0
10.0
10.0
10.0
10.0
10.0
10.0
10.0
10.0
10.0
10.0
10.0
10.0
10.0
10.0
10.0
10.0
10.0
10.0
10.0
10.0
10.0
10.0
10.0
10.0
4.0
10.0
10.0
10.0
10.0
10.0
10.0
16.0
10.0
1.0
4.0
4.0
10.0
10.0
4.0
4.0
10.0
10.0
4.0
1.0
4.0
4.0
10.0
4.0
10.0
10.0
8.0
4.0
1.0
8.0
10.0
10.0
4.0
10.0
10.0
10.0
10.0
16.0
8.0
4.0
10.0
4.0
10.0
10.0
4.0
4.0
16.0
1.0
1.0
10.0
10.0
10.0
10.0
10.0
4.0
10.0
1.0
10.0
6.0
10.0
1.0
10.0
20.0
10.0
16.0
