33.0
36.0
36.0
20.0
10.0
36.0
36.0
36.0
36.0
36.0
36.0
22.0
16.0
20.0
22.0
20.0
20.0
22.0
33.0
33.0
16.0
33.0
10.0
8.0
10.0
10.0
10.0
10.0
10.0
10.0
8.0
16.0
22.0
16.0
16.0
16.0
22.0
33.0
16.0
33.0
33.0
16.0
16.0
20.0
20.0
20.0
33.0
16.0
33.0
33.0
33.0
15.0
15.0
33.0
33.0
22.0
15.0
33.0
22.0
16.0
33.0
36.0
33.0
20.0
20.0
20.0
20.0
10.0
33.0
10.0
36.0
36.0
36.0
36.0
16.0
20.0
20.0
3.0
20.0
10.0
16.0
10.0
36.0
20.0
10.0
33.0
10.0
36.0
22.0
10.0
36.0
10.0
10.0
20.0
16.0
10.0
33.0
22.0
20.0
20.0
8.0
22.0
16.0
10.0
20.0
8.0
33.0
2.0
37.0
22.0
33.0
33.0
33.0
22.0
33.0
22.0
22.0
10.0
10.0
8.0
10.0
23.0
10.0
10.0
10.0
10.0
10.0
10.0
10.0
10.0
22.0
10.0
10.0
10.0
10.0
10.0
10.0
10.0
10.0
10.0
10.0
36.0
36.0
36.0
36.0
37.0
36.0
36.0
36.0
10.0
10.0
36.0
33.0
10.0
37.0
16.0
16.0
36.0
33.0
33.0
36.0
33.0
33.0
10.0
33.0
33.0
16.0
37.0
15.0
10.0
16.0
33.0
10.0
36.0
10.0
10.0
10.0
10.0
10.0
10.0
36.0
10.0
10.0
10.0
10.0
10.0
10.0
16.0
16.0
16.0
16.0
36.0
20.0
33.0
20.0
20.0
23.0
33.0
33.0
22.0
36.0
16.0
10.0
10.0
10.0
10.0
10.0
10.0
10.0
10.0
10.0
10.0
10.0
10.0
10.0
10.0
10.0
10.0
10.0
10.0
10.0
10.0
10.0
10.0
10.0
10.0
10.0
10.0
10.0
10.0
10.0
10.0
10.0
10.0
10.0
33.0
10.0
10.0
10.0
10.0
10.0
10.0
33.0
10.0
37.0
33.0
33.0
10.0
10.0
33.0
33.0
10.0
10.0
33.0
23.0
33.0
33.0
10.0
33.0
10.0
10.0
22.0
33.0
36.0
22.0
10.0
10.0
33.0
10.0
10.0
10.0
10.0
20.0
22.0
33.0
10.0
33.0
10.0
10.0
33.0
33.0
36.0
36.0
36.0
10.0
10.0
10.0
10.0
10.0
15.0
10.0
10.0
10.0
36.0
10.0
36.0
10.0
20.0
10.0
16.0
