33.0
36.0
36.0
20.0
10.0
36.0
36.0
36.0
36.0
36.0
36.0
2.0
16.0
20.0
2.0
20.0
20.0
2.0
33.0
33.0
16.0
33.0
10.0
10.0
10.0
10.0
10.0
10.0
10.0
10.0
10.0
16.0
2.0
16.0
16.0
16.0
22.0
33.0
16.0
16.0
33.0
16.0
16.0
20.0
20.0
20.0
33.0
16.0
33.0
33.0
20.0
33.0
22.0
33.0
33.0
2.0
33.0
33.0
2.0
16.0
33.0
36.0
33.0
20.0
20.0
20.0
20.0
10.0
33.0
10.0
36.0
36.0
36.0
36.0
20.0
20.0
20.0
16.0
20.0
10.0
20.0
10.0
36.0
20.0
10.0
33.0
10.0
36.0
2.0
10.0
36.0
10.0
10.0
20.0
20.0
10.0
33.0
2.0
20.0
20.0
10.0
2.0
16.0
10.0
20.0
10.0
33.0
10.0
23.0
2.0
33.0
33.0
33.0
2.0
33.0
2.0
2.0
10.0
10.0
34.0
10.0
36.0
10.0
10.0
10.0
10.0
10.0
10.0
10.0
10.0
2.0
10.0
10.0
10.0
10.0
10.0
10.0
10.0
10.0
10.0
10.0
36.0
36.0
36.0
36.0
23.0
36.0
36.0
36.0
10.0
10.0
36.0
33.0
10.0
23.0
16.0
16.0
36.0
33.0
33.0
36.0
33.0
33.0
10.0
33.0
33.0
16.0
23.0
33.0
10.0
16.0
33.0
10.0
36.0
10.0
10.0
10.0
10.0
10.0
10.0
36.0
10.0
10.0
10.0
10.0
10.0
10.0
20.0
20.0
20.0
20.0
36.0
20.0
33.0
20.0
20.0
36.0
33.0
33.0
22.0
36.0
16.0
10.0
10.0
10.0
10.0
10.0
10.0
10.0
10.0
10.0
10.0
10.0
10.0
10.0
10.0
10.0
10.0
10.0
10.0
10.0
10.0
10.0
10.0
10.0
10.0
10.0
10.0
10.0
10.0
10.0
10.0
10.0
10.0
10.0
33.0
10.0
10.0
10.0
10.0
10.0
10.0
16.0
10.0
23.0
33.0
33.0
10.0
10.0
33.0
33.0
10.0
10.0
33.0
36.0
33.0
33.0
10.0
33.0
10.0
10.0
2.0
33.0
36.0
10.0
10.0
10.0
33.0
10.0
10.0
10.0
10.0
20.0
2.0
33.0
10.0
33.0
10.0
10.0
33.0
33.0
36.0
36.0
36.0
10.0
10.0
10.0
10.0
10.0
33.0
10.0
10.0
10.0
36.0
10.0
36.0
10.0
20.0
10.0
20.0
