3.0
43.0
23.0
4.0
10.0
43.0
43.0
23.0
37.0
43.0
23.0
22.0
16.0
20.0
22.0
20.0
20.0
10.0
4.0
4.0
16.0
4.0
10.0
10.0
10.0
10.0
10.0
10.0
10.0
10.0
10.0
16.0
10.0
16.0
16.0
16.0
2.0
4.0
16.0
16.0
4.0
16.0
16.0
16.0
16.0
16.0
3.0
16.0
4.0
3.0
4.0
3.0
3.0
4.0
3.0
22.0
3.0
4.0
10.0
16.0
3.0
43.0
4.0
16.0
16.0
16.0
16.0
10.0
4.0
10.0
23.0
23.0
23.0
23.0
16.0
16.0
20.0
15.0
16.0
10.0
16.0
10.0
23.0
16.0
10.0
4.0
10.0
23.0
10.0
10.0
16.0
10.0
10.0
16.0
16.0
10.0
3.0
22.0
16.0
20.0
10.0
10.0
16.0
10.0
20.0
10.0
3.0
10.0
37.0
22.0
3.0
3.0
3.0
10.0
3.0
10.0
10.0
10.0
10.0
15.0
10.0
23.0
10.0
10.0
10.0
10.0
10.0
10.0
10.0
10.0
22.0
10.0
10.0
10.0
10.0
10.0
10.0
10.0
10.0
10.0
10.0
23.0
43.0
16.0
23.0
37.0
23.0
43.0
43.0
10.0
10.0
43.0
4.0
10.0
37.0
16.0
16.0
43.0
4.0
3.0
23.0
4.0
3.0
10.0
3.0
3.0
16.0
37.0
3.0
10.0
16.0
4.0
8.0
23.0
10.0
10.0
10.0
10.0
10.0
10.0
23.0
10.0
10.0
10.0
10.0
10.0
10.0
16.0
16.0
16.0
16.0
23.0
16.0
4.0
20.0
16.0
23.0
3.0
3.0
22.0
23.0
16.0
10.0
10.0
10.0
10.0
10.0
10.0
10.0
10.0
10.0
10.0
10.0
10.0
10.0
10.0
10.0
10.0
10.0
10.0
10.0
10.0
10.0
10.0
10.0
10.0
10.0
10.0
10.0
10.0
10.0
10.0
10.0
10.0
10.0
4.0
10.0
10.0
10.0
10.0
10.0
10.0
16.0
10.0
37.0
4.0
3.0
10.0
10.0
4.0
4.0
10.0
10.0
4.0
23.0
4.0
4.0
10.0
3.0
10.0
10.0
22.0
3.0
23.0
22.0
10.0
10.0
3.0
10.0
10.0
10.0
10.0
16.0
22.0
4.0
10.0
4.0
10.0
10.0
4.0
3.0
43.0
23.0
23.0
10.0
10.0
10.0
10.0
10.0
3.0
10.0
10.0
10.0
43.0
10.0
23.0
10.0
15.0
10.0
16.0
