15.0
36.0
36.0
16.0
38.0
20.0
1.0
36.0
37.0
37.0
36.0
29.0
16.0
22.0
29.0
20.0
20.0
29.0
15.0
15.0
16.0
15.0
29.0
29.0
29.0
37.0
37.0
29.0
38.0
38.0
29.0
16.0
29.0
16.0
16.0
16.0
22.0
15.0
16.0
16.0
15.0
16.0
16.0
16.0
20.0
20.0
15.0
16.0
15.0
15.0
16.0
15.0
15.0
15.0
15.0
29.0
15.0
15.0
29.0
16.0
15.0
36.0
15.0
16.0
20.0
16.0
16.0
38.0
15.0
37.0
36.0
36.0
36.0
36.0
16.0
20.0
20.0
22.0
20.0
38.0
16.0
37.0
36.0
16.0
38.0
16.0
38.0
36.0
29.0
29.0
16.0
38.0
37.0
20.0
16.0
37.0
15.0
29.0
16.0
20.0
29.0
29.0
16.0
38.0
20.0
29.0
15.0
29.0
37.0
29.0
15.0
15.0
15.0
29.0
15.0
29.0
29.0
38.0
37.0
22.0
37.0
1.0
38.0
38.0
38.0
38.0
38.0
38.0
38.0
38.0
29.0
38.0
38.0
38.0
38.0
38.0
38.0
38.0
38.0
38.0
38.0
36.0
36.0
16.0
1.0
1.0
36.0
36.0
36.0
37.0
37.0
36.0
15.0
37.0
37.0
16.0
16.0
36.0
15.0
15.0
36.0
15.0
15.0
38.0
15.0
15.0
16.0
1.0
15.0
37.0
16.0
15.0
10.0
36.0
38.0
37.0
38.0
38.0
38.0
38.0
36.0
38.0
38.0
38.0
37.0
37.0
38.0
16.0
16.0
16.0
16.0
36.0
16.0
15.0
20.0
20.0
1.0
15.0
15.0
22.0
36.0
16.0
38.0
38.0
38.0
38.0
38.0
38.0
38.0
38.0
38.0
38.0
38.0
38.0
38.0
38.0
38.0
38.0
37.0
38.0
38.0
38.0
38.0
38.0
37.0
37.0
38.0
37.0
37.0
38.0
37.0
38.0
38.0
38.0
37.0
15.0
38.0
38.0
38.0
38.0
38.0
38.0
16.0
37.0
1.0
15.0
15.0
37.0
38.0
15.0
15.0
38.0
38.0
15.0
1.0
15.0
15.0
38.0
15.0
37.0
38.0
29.0
15.0
36.0
29.0
37.0
37.0
15.0
37.0
38.0
37.0
37.0
16.0
29.0
15.0
38.0
15.0
38.0
37.0
15.0
15.0
36.0
36.0
36.0
38.0
38.0
38.0
38.0
38.0
15.0
38.0
37.0
38.0
36.0
38.0
36.0
38.0
20.0
37.0
16.0
