3.0
36.0
23.0
20.0
10.0
20.0
23.0
23.0
23.0
23.0
23.0
8.0
16.0
20.0
8.0
20.0
20.0
8.0
20.0
20.0
16.0
20.0
8.0
8.0
8.0
10.0
10.0
8.0
10.0
10.0
8.0
20.0
8.0
16.0
16.0
16.0
8.0
20.0
16.0
20.0
20.0
16.0
16.0
20.0
20.0
20.0
3.0
20.0
3.0
3.0
20.0
15.0
15.0
3.0
3.0
8.0
8.0
3.0
8.0
16.0
3.0
16.0
3.0
20.0
20.0
20.0
20.0
10.0
3.0
10.0
36.0
23.0
23.0
23.0
20.0
20.0
20.0
15.0
20.0
10.0
16.0
10.0
36.0
20.0
10.0
20.0
10.0
23.0
8.0
8.0
16.0
10.0
10.0
20.0
20.0
10.0
3.0
8.0
20.0
20.0
8.0
8.0
16.0
10.0
20.0
8.0
3.0
8.0
10.0
8.0
3.0
3.0
3.0
8.0
3.0
8.0
8.0
10.0
10.0
8.0
10.0
1.0
10.0
10.0
10.0
10.0
10.0
10.0
10.0
10.0
8.0
10.0
10.0
10.0
10.0
10.0
10.0
10.0
10.0
10.0
10.0
23.0
16.0
16.0
1.0
10.0
36.0
36.0
16.0
10.0
10.0
16.0
20.0
10.0
10.0
16.0
16.0
36.0
3.0
3.0
36.0
3.0
3.0
10.0
3.0
3.0
16.0
37.0
15.0
10.0
16.0
3.0
8.0
23.0
10.0
10.0
10.0
10.0
10.0
10.0
23.0
10.0
10.0
10.0
10.0
10.0
10.0
20.0
20.0
20.0
20.0
23.0
20.0
20.0
20.0
20.0
23.0
3.0
3.0
8.0
23.0
16.0
10.0
10.0
10.0
10.0
10.0
10.0
10.0
10.0
10.0
10.0
10.0
10.0
10.0
10.0
10.0
10.0
10.0
10.0
10.0
10.0
10.0
10.0
10.0
10.0
10.0
10.0
10.0
10.0
10.0
10.0
10.0
10.0
10.0
3.0
10.0
10.0
10.0
10.0
10.0
10.0
20.0
10.0
1.0
20.0
3.0
10.0
10.0
3.0
3.0
10.0
10.0
3.0
1.0
3.0
20.0
10.0
3.0
10.0
10.0
8.0
3.0
23.0
8.0
10.0
10.0
3.0
10.0
10.0
10.0
46.0
20.0
8.0
3.0
10.0
20.0
10.0
10.0
20.0
20.0
16.0
36.0
23.0
10.0
10.0
10.0
10.0
10.0
15.0
10.0
10.0
10.0
36.0
10.0
36.0
10.0
20.0
10.0
20.0
