2.0
43.0
36.0
15.0
10.0
20.0
43.0
36.0
1.0
43.0
36.0
22.0
16.0
22.0
2.0
20.0
20.0
2.0
15.0
15.0
16.0
15.0
8.0
8.0
8.0
10.0
10.0
8.0
10.0
10.0
8.0
16.0
2.0
16.0
16.0
16.0
22.0
15.0
16.0
15.0
15.0
16.0
16.0
20.0
20.0
20.0
2.0
16.0
15.0
15.0
15.0
15.0
22.0
15.0
15.0
2.0
22.0
15.0
2.0
16.0
15.0
43.0
15.0
20.0
20.0
20.0
16.0
10.0
15.0
10.0
36.0
36.0
36.0
36.0
16.0
20.0
20.0
34.0
20.0
10.0
16.0
10.0
43.0
20.0
10.0
15.0
10.0
36.0
2.0
8.0
43.0
10.0
10.0
20.0
16.0
10.0
2.0
2.0
20.0
15.0
10.0
2.0
16.0
10.0
20.0
10.0
2.0
2.0
1.0
22.0
15.0
15.0
2.0
2.0
2.0
2.0
2.0
10.0
10.0
34.0
10.0
1.0
10.0
10.0
10.0
10.0
10.0
10.0
10.0
10.0
2.0
10.0
10.0
10.0
10.0
10.0
10.0
10.0
10.0
10.0
10.0
36.0
43.0
43.0
1.0
1.0
36.0
43.0
43.0
10.0
1.0
43.0
15.0
10.0
1.0
16.0
16.0
43.0
15.0
15.0
36.0
15.0
2.0
10.0
2.0
2.0
16.0
1.0
15.0
10.0
16.0
15.0
10.0
36.0
10.0
10.0
10.0
10.0
10.0
10.0
36.0
10.0
10.0
10.0
10.0
10.0
10.0
16.0
16.0
16.0
16.0
36.0
20.0
15.0
20.0
20.0
36.0
15.0
2.0
22.0
36.0
16.0
10.0
10.0
10.0
10.0
10.0
10.0
10.0
10.0
10.0
10.0
10.0
10.0
10.0
10.0
10.0
10.0
10.0
10.0
10.0
10.0
10.0
10.0
10.0
10.0
10.0
10.0
10.0
10.0
10.0
10.0
10.0
10.0
10.0
15.0
10.0
10.0
10.0
10.0
10.0
10.0
16.0
10.0
1.0
15.0
2.0
10.0
10.0
15.0
15.0
10.0
10.0
15.0
1.0
15.0
15.0
10.0
15.0
10.0
10.0
2.0
15.0
36.0
22.0
10.0
10.0
15.0
10.0
10.0
10.0
10.0
20.0
2.0
15.0
10.0
15.0
10.0
1.0
15.0
15.0
43.0
36.0
36.0
10.0
10.0
10.0
10.0
10.0
15.0
10.0
1.0
10.0
43.0
10.0
36.0
10.0
20.0
10.0
16.0
