4.0
43.0
23.0
4.0
38.0
43.0
43.0
23.0
37.0
43.0
23.0
8.0
16.0
8.0
10.0
20.0
20.0
10.0
4.0
4.0
16.0
4.0
10.0
10.0
10.0
38.0
37.0
10.0
38.0
38.0
10.0
4.0
10.0
16.0
16.0
16.0
2.0
4.0
16.0
4.0
4.0
16.0
16.0
16.0
16.0
20.0
4.0
4.0
4.0
4.0
4.0
3.0
4.0
4.0
4.0
10.0
3.0
4.0
10.0
16.0
4.0
43.0
4.0
4.0
16.0
16.0
4.0
38.0
4.0
38.0
36.0
23.0
23.0
23.0
16.0
16.0
20.0
4.0
20.0
38.0
43.0
37.0
23.0
20.0
38.0
4.0
38.0
23.0
10.0
10.0
43.0
38.0
37.0
16.0
4.0
38.0
4.0
10.0
20.0
20.0
10.0
10.0
43.0
38.0
20.0
10.0
4.0
10.0
37.0
10.0
4.0
4.0
4.0
10.0
4.0
10.0
10.0
38.0
37.0
43.0
37.0
23.0
38.0
38.0
38.0
38.0
38.0
38.0
38.0
38.0
10.0
38.0
38.0
38.0
38.0
38.0
38.0
38.0
38.0
38.0
38.0
23.0
43.0
43.0
23.0
37.0
36.0
43.0
43.0
37.0
10.0
43.0
4.0
38.0
37.0
4.0
16.0
43.0
4.0
4.0
36.0
4.0
4.0
38.0
4.0
4.0
16.0
37.0
3.0
37.0
16.0
4.0
43.0
23.0
38.0
37.0
38.0
38.0
38.0
38.0
23.0
38.0
38.0
38.0
38.0
37.0
38.0
16.0
16.0
16.0
16.0
23.0
16.0
4.0
20.0
20.0
23.0
4.0
4.0
8.0
23.0
43.0
38.0
38.0
38.0
38.0
38.0
38.0
38.0
38.0
38.0
38.0
38.0
38.0
38.0
38.0
38.0
38.0
38.0
38.0
38.0
38.0
38.0
38.0
37.0
38.0
38.0
38.0
37.0
38.0
38.0
38.0
38.0
38.0
38.0
4.0
38.0
38.0
38.0
38.0
38.0
38.0
4.0
38.0
37.0
4.0
4.0
37.0
38.0
4.0
4.0
38.0
38.0
4.0
23.0
4.0
4.0
38.0
4.0
38.0
38.0
10.0
4.0
23.0
10.0
38.0
37.0
3.0
37.0
38.0
38.0
37.0
16.0
10.0
4.0
38.0
4.0
38.0
37.0
4.0
4.0
43.0
23.0
23.0
38.0
38.0
38.0
38.0
38.0
4.0
38.0
37.0
38.0
43.0
38.0
36.0
38.0
4.0
37.0
4.0
