33.0
36.0
36.0
20.0
38.0
36.0
36.0
36.0
37.0
36.0
36.0
2.0
16.0
26.0
2.0
20.0
20.0
2.0
33.0
33.0
16.0
33.0
29.0
29.0
29.0
38.0
10.0
29.0
38.0
38.0
29.0
16.0
2.0
16.0
16.0
16.0
2.0
33.0
16.0
16.0
33.0
16.0
16.0
16.0
20.0
20.0
33.0
16.0
33.0
33.0
16.0
33.0
26.0
33.0
33.0
2.0
2.0
33.0
2.0
16.0
33.0
36.0
33.0
16.0
16.0
16.0
16.0
38.0
33.0
38.0
36.0
36.0
36.0
36.0
16.0
16.0
20.0
8.0
20.0
38.0
16.0
38.0
36.0
16.0
38.0
33.0
38.0
36.0
2.0
29.0
43.0
38.0
38.0
20.0
16.0
38.0
33.0
2.0
20.0
20.0
29.0
2.0
16.0
38.0
20.0
29.0
33.0
29.0
37.0
2.0
33.0
33.0
33.0
2.0
33.0
2.0
2.0
38.0
10.0
8.0
10.0
1.0
38.0
38.0
38.0
38.0
38.0
38.0
38.0
38.0
2.0
38.0
38.0
38.0
38.0
38.0
38.0
38.0
38.0
38.0
38.0
36.0
43.0
43.0
36.0
37.0
36.0
36.0
43.0
38.0
37.0
43.0
33.0
38.0
37.0
16.0
16.0
36.0
33.0
33.0
36.0
33.0
33.0
38.0
33.0
33.0
16.0
37.0
33.0
10.0
16.0
33.0
8.0
36.0
38.0
10.0
38.0
38.0
38.0
38.0
36.0
38.0
38.0
38.0
38.0
10.0
38.0
16.0
16.0
16.0
16.0
36.0
16.0
33.0
20.0
20.0
36.0
33.0
33.0
2.0
36.0
16.0
38.0
38.0
38.0
38.0
38.0
38.0
38.0
38.0
38.0
38.0
38.0
38.0
38.0
38.0
38.0
38.0
38.0
38.0
38.0
38.0
38.0
38.0
38.0
38.0
38.0
38.0
10.0
38.0
38.0
38.0
38.0
38.0
38.0
33.0
38.0
38.0
38.0
38.0
38.0
38.0
16.0
38.0
37.0
33.0
33.0
10.0
38.0
33.0
33.0
38.0
38.0
33.0
1.0
33.0
33.0
38.0
33.0
38.0
38.0
2.0
33.0
36.0
2.0
38.0
10.0
33.0
10.0
38.0
38.0
10.0
8.0
2.0
33.0
38.0
33.0
38.0
10.0
33.0
33.0
36.0
36.0
36.0
38.0
38.0
38.0
38.0
38.0
33.0
38.0
37.0
38.0
36.0
38.0
36.0
38.0
26.0
10.0
16.0
