4.0
36.0
36.0
20.0
38.0
36.0
36.0
36.0
23.0
36.0
36.0
8.0
16.0
20.0
8.0
20.0
20.0
8.0
4.0
4.0
16.0
4.0
8.0
8.0
29.0
38.0
10.0
8.0
38.0
38.0
8.0
16.0
8.0
16.0
16.0
16.0
8.0
4.0
16.0
16.0
4.0
16.0
16.0
16.0
20.0
20.0
4.0
16.0
4.0
4.0
16.0
8.0
8.0
4.0
4.0
8.0
8.0
4.0
8.0
16.0
4.0
36.0
4.0
16.0
16.0
16.0
16.0
38.0
4.0
38.0
36.0
36.0
36.0
36.0
16.0
16.0
20.0
8.0
20.0
38.0
16.0
38.0
36.0
16.0
38.0
4.0
38.0
36.0
8.0
8.0
36.0
38.0
38.0
20.0
16.0
38.0
4.0
8.0
20.0
20.0
8.0
8.0
16.0
38.0
20.0
8.0
4.0
8.0
1.0
8.0
4.0
4.0
4.0
8.0
4.0
8.0
8.0
38.0
38.0
8.0
37.0
36.0
38.0
38.0
38.0
38.0
38.0
38.0
38.0
38.0
8.0
38.0
38.0
38.0
38.0
38.0
38.0
38.0
38.0
38.0
38.0
36.0
36.0
16.0
36.0
1.0
36.0
36.0
36.0
38.0
37.0
36.0
4.0
38.0
1.0
16.0
16.0
36.0
4.0
4.0
36.0
4.0
4.0
38.0
4.0
4.0
16.0
1.0
8.0
37.0
16.0
4.0
8.0
36.0
38.0
37.0
38.0
38.0
38.0
38.0
36.0
38.0
38.0
38.0
38.0
37.0
38.0
16.0
16.0
16.0
16.0
36.0
16.0
4.0
20.0
20.0
36.0
4.0
4.0
8.0
36.0
16.0
38.0
38.0
38.0
38.0
38.0
38.0
38.0
38.0
38.0
38.0
38.0
38.0
38.0
38.0
38.0
38.0
38.0
38.0
38.0
38.0
38.0
38.0
37.0
38.0
38.0
38.0
37.0
38.0
38.0
38.0
38.0
38.0
38.0
4.0
38.0
38.0
38.0
38.0
38.0
38.0
16.0
38.0
1.0
4.0
4.0
37.0
38.0
4.0
4.0
38.0
38.0
4.0
1.0
4.0
4.0
38.0
4.0
38.0
38.0
8.0
4.0
36.0
8.0
38.0
38.0
4.0
38.0
38.0
38.0
37.0
20.0
8.0
4.0
38.0
4.0
38.0
37.0
4.0
4.0
36.0
36.0
36.0
38.0
38.0
38.0
38.0
38.0
4.0
38.0
37.0
38.0
36.0
38.0
36.0
38.0
20.0
37.0
16.0
