33.0
43.0
1.0
20.0
38.0
43.0
1.0
1.0
1.0
43.0
1.0
22.0
16.0
20.0
22.0
20.0
20.0
22.0
33.0
33.0
16.0
20.0
8.0
8.0
8.0
38.0
10.0
8.0
38.0
38.0
8.0
16.0
22.0
16.0
16.0
16.0
22.0
33.0
16.0
16.0
33.0
16.0
16.0
20.0
20.0
20.0
33.0
16.0
33.0
33.0
20.0
8.0
8.0
33.0
33.0
22.0
22.0
33.0
22.0
16.0
33.0
43.0
33.0
20.0
20.0
20.0
20.0
38.0
33.0
38.0
1.0
1.0
1.0
1.0
20.0
20.0
20.0
22.0
20.0
38.0
43.0
38.0
1.0
20.0
38.0
33.0
38.0
1.0
22.0
8.0
43.0
38.0
38.0
20.0
20.0
38.0
33.0
22.0
20.0
20.0
39.0
22.0
43.0
38.0
20.0
39.0
33.0
8.0
1.0
22.0
33.0
33.0
33.0
22.0
33.0
22.0
22.0
38.0
10.0
43.0
10.0
1.0
38.0
38.0
38.0
38.0
38.0
38.0
38.0
38.0
22.0
38.0
38.0
38.0
38.0
38.0
38.0
38.0
38.0
38.0
38.0
1.0
43.0
43.0
1.0
1.0
1.0
43.0
43.0
38.0
1.0
43.0
33.0
38.0
1.0
16.0
16.0
43.0
33.0
33.0
1.0
33.0
33.0
38.0
33.0
33.0
16.0
1.0
33.0
1.0
16.0
33.0
43.0
1.0
38.0
10.0
38.0
38.0
38.0
38.0
1.0
38.0
38.0
38.0
38.0
10.0
38.0
16.0
16.0
20.0
20.0
1.0
20.0
33.0
20.0
20.0
1.0
33.0
33.0
22.0
1.0
43.0
38.0
38.0
38.0
38.0
38.0
38.0
38.0
38.0
38.0
38.0
38.0
38.0
38.0
38.0
38.0
38.0
38.0
38.0
38.0
38.0
38.0
38.0
38.0
38.0
38.0
38.0
10.0
38.0
38.0
38.0
38.0
38.0
38.0
33.0
38.0
38.0
38.0
38.0
38.0
38.0
16.0
38.0
1.0
33.0
33.0
10.0
38.0
33.0
33.0
38.0
38.0
33.0
1.0
33.0
33.0
38.0
33.0
38.0
38.0
22.0
33.0
1.0
22.0
38.0
10.0
33.0
10.0
38.0
38.0
1.0
16.0
22.0
33.0
38.0
20.0
38.0
1.0
20.0
20.0
43.0
1.0
1.0
38.0
38.0
38.0
38.0
38.0
33.0
38.0
1.0
38.0
43.0
38.0
1.0
38.0
20.0
10.0
20.0
