3.0
16.0
36.0
4.0
10.0
20.0
1.0
36.0
37.0
37.0
36.0
22.0
16.0
22.0
22.0
16.0
16.0
29.0
4.0
4.0
16.0
4.0
29.0
29.0
29.0
10.0
10.0
29.0
10.0
10.0
29.0
16.0
22.0
16.0
16.0
16.0
22.0
4.0
16.0
16.0
16.0
16.0
16.0
16.0
16.0
16.0
3.0
16.0
3.0
3.0
16.0
3.0
3.0
3.0
3.0
22.0
3.0
3.0
29.0
16.0
3.0
16.0
3.0
16.0
16.0
16.0
16.0
10.0
3.0
10.0
36.0
23.0
1.0
36.0
16.0
16.0
16.0
3.0
16.0
10.0
16.0
10.0
23.0
16.0
10.0
16.0
10.0
36.0
29.0
29.0
16.0
10.0
10.0
16.0
16.0
10.0
3.0
22.0
16.0
16.0
29.0
22.0
16.0
10.0
16.0
8.0
3.0
29.0
37.0
22.0
3.0
3.0
3.0
29.0
3.0
29.0
22.0
10.0
10.0
3.0
10.0
1.0
10.0
10.0
10.0
10.0
10.0
10.0
10.0
10.0
22.0
10.0
10.0
10.0
10.0
10.0
10.0
10.0
10.0
10.0
10.0
36.0
16.0
16.0
1.0
37.0
36.0
16.0
16.0
10.0
10.0
16.0
16.0
10.0
37.0
16.0
16.0
16.0
3.0
3.0
36.0
3.0
3.0
10.0
3.0
3.0
16.0
37.0
3.0
10.0
16.0
3.0
8.0
1.0
10.0
10.0
10.0
10.0
10.0
10.0
1.0
10.0
10.0
10.0
10.0
10.0
10.0
16.0
16.0
16.0
16.0
23.0
16.0
4.0
20.0
16.0
1.0
3.0
3.0
22.0
36.0
16.0
10.0
10.0
10.0
10.0
10.0
10.0
10.0
10.0
10.0
10.0
10.0
10.0
10.0
10.0
10.0
10.0
10.0
10.0
10.0
10.0
10.0
10.0
10.0
10.0
10.0
10.0
10.0
10.0
10.0
10.0
10.0
10.0
10.0
3.0
10.0
10.0
10.0
10.0
10.0
10.0
16.0
10.0
37.0
4.0
3.0
10.0
10.0
3.0
3.0
10.0
10.0
3.0
37.0
3.0
4.0
10.0
3.0
10.0
10.0
22.0
3.0
23.0
22.0
10.0
10.0
3.0
10.0
10.0
10.0
10.0
16.0
22.0
3.0
10.0
16.0
10.0
10.0
4.0
3.0
16.0
23.0
36.0
10.0
10.0
10.0
10.0
10.0
3.0
10.0
10.0
10.0
6.0
10.0
36.0
10.0
4.0
10.0
16.0
