3.0
1.0
1.0
20.0
10.0
20.0
1.0
1.0
1.0
1.0
1.0
22.0
16.0
20.0
22.0
20.0
20.0
10.0
3.0
3.0
16.0
15.0
10.0
10.0
10.0
10.0
10.0
10.0
10.0
10.0
10.0
16.0
10.0
16.0
16.0
16.0
22.0
3.0
16.0
16.0
16.0
16.0
16.0
20.0
20.0
20.0
3.0
16.0
3.0
3.0
16.0
3.0
15.0
3.0
3.0
22.0
2.0
3.0
10.0
16.0
3.0
1.0
3.0
20.0
20.0
20.0
16.0
10.0
3.0
10.0
1.0
1.0
1.0
1.0
16.0
20.0
20.0
3.0
20.0
10.0
16.0
10.0
1.0
20.0
10.0
16.0
10.0
1.0
10.0
10.0
20.0
10.0
10.0
20.0
16.0
10.0
3.0
22.0
20.0
20.0
10.0
22.0
16.0
10.0
20.0
10.0
3.0
10.0
1.0
22.0
3.0
3.0
3.0
10.0
3.0
10.0
10.0
10.0
10.0
3.0
10.0
1.0
10.0
10.0
10.0
10.0
10.0
10.0
10.0
10.0
22.0
10.0
10.0
10.0
10.0
10.0
10.0
10.0
10.0
10.0
10.0
1.0
1.0
16.0
1.0
1.0
1.0
1.0
1.0
10.0
10.0
1.0
3.0
10.0
1.0
16.0
16.0
1.0
3.0
3.0
1.0
3.0
3.0
10.0
3.0
3.0
16.0
1.0
3.0
10.0
16.0
3.0
8.0
1.0
10.0
10.0
10.0
10.0
10.0
10.0
1.0
10.0
10.0
10.0
10.0
10.0
10.0
16.0
16.0
16.0
16.0
1.0
20.0
3.0
20.0
20.0
1.0
3.0
3.0
22.0
1.0
16.0
10.0
10.0
10.0
10.0
10.0
10.0
10.0
10.0
10.0
10.0
10.0
10.0
10.0
10.0
10.0
10.0
10.0
10.0
10.0
10.0
10.0
10.0
10.0
10.0
10.0
10.0
10.0
10.0
10.0
10.0
10.0
10.0
10.0
3.0
10.0
10.0
10.0
10.0
10.0
10.0
16.0
10.0
1.0
3.0
3.0
10.0
10.0
3.0
3.0
10.0
10.0
3.0
1.0
3.0
3.0
10.0
3.0
10.0
10.0
22.0
3.0
1.0
22.0
10.0
10.0
2.0
10.0
10.0
10.0
10.0
8.0
22.0
3.0
10.0
15.0
10.0
10.0
15.0
3.0
1.0
1.0
1.0
10.0
10.0
10.0
10.0
10.0
3.0
10.0
1.0
10.0
1.0
10.0
1.0
10.0
20.0
10.0
16.0
