33.0
36.0
36.0
16.0
37.0
36.0
36.0
36.0
37.0
36.0
36.0
22.0
16.0
22.0
8.0
16.0
16.0
8.0
33.0
33.0
16.0
33.0
8.0
8.0
8.0
37.0
37.0
8.0
37.0
37.0
8.0
16.0
8.0
16.0
16.0
16.0
22.0
33.0
16.0
16.0
33.0
16.0
16.0
16.0
16.0
16.0
33.0
16.0
33.0
33.0
16.0
2.0
22.0
33.0
33.0
8.0
2.0
33.0
8.0
16.0
33.0
36.0
33.0
16.0
16.0
16.0
16.0
37.0
33.0
37.0
36.0
36.0
36.0
36.0
16.0
16.0
16.0
8.0
16.0
37.0
16.0
37.0
36.0
16.0
37.0
33.0
37.0
36.0
8.0
8.0
16.0
37.0
37.0
16.0
16.0
37.0
33.0
8.0
16.0
16.0
8.0
8.0
16.0
37.0
16.0
8.0
33.0
8.0
37.0
22.0
33.0
33.0
33.0
8.0
33.0
8.0
8.0
37.0
37.0
8.0
37.0
36.0
37.0
10.0
37.0
37.0
10.0
37.0
37.0
37.0
8.0
37.0
10.0
37.0
10.0
37.0
37.0
37.0
37.0
37.0
37.0
36.0
36.0
16.0
36.0
37.0
36.0
36.0
36.0
37.0
37.0
36.0
33.0
37.0
37.0
16.0
16.0
36.0
33.0
33.0
36.0
33.0
33.0
37.0
33.0
33.0
16.0
37.0
2.0
37.0
16.0
33.0
8.0
36.0
37.0
37.0
37.0
10.0
37.0
37.0
36.0
37.0
37.0
37.0
37.0
37.0
37.0
16.0
16.0
16.0
16.0
36.0
16.0
33.0
16.0
16.0
36.0
33.0
33.0
22.0
36.0
16.0
37.0
37.0
37.0
37.0
37.0
37.0
37.0
37.0
37.0
37.0
37.0
37.0
37.0
37.0
37.0
37.0
37.0
37.0
37.0
37.0
37.0
37.0
37.0
37.0
37.0
37.0
37.0
37.0
37.0
37.0
37.0
37.0
37.0
33.0
37.0
37.0
37.0
37.0
37.0
37.0
16.0
37.0
37.0
33.0
33.0
37.0
37.0
33.0
33.0
37.0
37.0
33.0
37.0
33.0
33.0
37.0
33.0
37.0
37.0
8.0
33.0
36.0
22.0
37.0
37.0
2.0
37.0
37.0
37.0
37.0
8.0
8.0
33.0
10.0
33.0
37.0
37.0
33.0
33.0
36.0
36.0
36.0
10.0
37.0
10.0
37.0
10.0
2.0
37.0
37.0
37.0
36.0
10.0
36.0
10.0
22.0
37.0
16.0
