33.0
6.0
36.0
20.0
10.0
20.0
1.0
36.0
37.0
37.0
36.0
22.0
20.0
20.0
29.0
20.0
20.0
29.0
33.0
33.0
20.0
33.0
29.0
29.0
29.0
10.0
10.0
29.0
10.0
10.0
29.0
20.0
29.0
20.0
20.0
20.0
22.0
33.0
20.0
15.0
33.0
20.0
20.0
20.0
20.0
20.0
33.0
20.0
33.0
33.0
20.0
33.0
22.0
33.0
33.0
29.0
33.0
33.0
29.0
20.0
33.0
6.0
33.0
20.0
20.0
20.0
20.0
10.0
33.0
10.0
36.0
36.0
36.0
36.0
20.0
20.0
20.0
34.0
20.0
10.0
20.0
10.0
36.0
20.0
10.0
33.0
10.0
36.0
29.0
29.0
6.0
10.0
10.0
20.0
20.0
10.0
33.0
29.0
20.0
20.0
29.0
29.0
20.0
10.0
20.0
29.0
33.0
29.0
37.0
29.0
33.0
33.0
33.0
29.0
33.0
29.0
29.0
10.0
10.0
34.0
10.0
36.0
10.0
10.0
10.0
10.0
10.0
10.0
10.0
10.0
29.0
10.0
10.0
10.0
10.0
10.0
10.0
10.0
10.0
10.0
10.0
36.0
6.0
6.0
36.0
37.0
36.0
6.0
6.0
10.0
37.0
6.0
33.0
10.0
37.0
15.0
20.0
6.0
33.0
33.0
36.0
33.0
33.0
10.0
33.0
33.0
20.0
37.0
33.0
10.0
20.0
33.0
10.0
36.0
10.0
10.0
10.0
10.0
10.0
10.0
36.0
10.0
10.0
10.0
10.0
10.0
10.0
20.0
20.0
20.0
20.0
36.0
20.0
33.0
20.0
20.0
36.0
33.0
33.0
22.0
36.0
20.0
10.0
10.0
10.0
10.0
10.0
10.0
10.0
10.0
10.0
10.0
10.0
10.0
10.0
10.0
10.0
10.0
10.0
10.0
10.0
10.0
10.0
10.0
10.0
10.0
10.0
10.0
10.0
10.0
10.0
10.0
10.0
10.0
10.0
33.0
10.0
10.0
10.0
10.0
10.0
10.0
15.0
10.0
37.0
33.0
33.0
10.0
10.0
33.0
33.0
10.0
10.0
33.0
37.0
33.0
33.0
10.0
33.0
10.0
10.0
29.0
33.0
36.0
29.0
10.0
10.0
33.0
10.0
10.0
10.0
10.0
20.0
29.0
33.0
10.0
33.0
10.0
10.0
33.0
33.0
6.0
36.0
36.0
10.0
10.0
10.0
10.0
10.0
33.0
10.0
37.0
10.0
6.0
10.0
36.0
10.0
20.0
10.0
20.0
