3.0
43.0
36.0
16.0
10.0
36.0
36.0
36.0
37.0
43.0
36.0
2.0
16.0
8.0
2.0
16.0
16.0
2.0
33.0
33.0
16.0
3.0
29.0
29.0
29.0
10.0
10.0
29.0
10.0
10.0
29.0
16.0
2.0
16.0
16.0
16.0
2.0
33.0
16.0
16.0
33.0
16.0
16.0
16.0
16.0
16.0
3.0
16.0
33.0
3.0
16.0
3.0
3.0
33.0
3.0
2.0
3.0
33.0
2.0
16.0
3.0
43.0
3.0
16.0
16.0
16.0
16.0
10.0
33.0
10.0
36.0
36.0
36.0
36.0
16.0
16.0
16.0
3.0
16.0
10.0
43.0
10.0
36.0
16.0
10.0
33.0
10.0
36.0
2.0
29.0
43.0
10.0
10.0
16.0
16.0
10.0
3.0
2.0
16.0
2.0
29.0
2.0
43.0
10.0
16.0
29.0
3.0
29.0
37.0
2.0
3.0
3.0
3.0
2.0
3.0
2.0
2.0
10.0
10.0
3.0
10.0
36.0
10.0
10.0
10.0
10.0
10.0
10.0
10.0
10.0
2.0
10.0
10.0
10.0
10.0
10.0
10.0
10.0
10.0
10.0
10.0
36.0
43.0
43.0
36.0
37.0
36.0
43.0
43.0
10.0
37.0
43.0
33.0
10.0
37.0
16.0
16.0
43.0
33.0
3.0
36.0
33.0
3.0
10.0
3.0
3.0
16.0
37.0
3.0
10.0
16.0
33.0
19.0
36.0
10.0
10.0
10.0
10.0
10.0
10.0
36.0
10.0
10.0
10.0
10.0
10.0
10.0
16.0
16.0
16.0
16.0
36.0
16.0
33.0
16.0
16.0
36.0
3.0
3.0
2.0
36.0
43.0
10.0
10.0
10.0
10.0
10.0
10.0
10.0
10.0
10.0
10.0
10.0
10.0
10.0
10.0
10.0
10.0
10.0
10.0
10.0
10.0
10.0
10.0
10.0
10.0
10.0
10.0
10.0
10.0
10.0
10.0
10.0
10.0
10.0
33.0
10.0
10.0
10.0
10.0
10.0
10.0
16.0
10.0
37.0
33.0
3.0
10.0
10.0
33.0
33.0
10.0
10.0
33.0
36.0
3.0
33.0
10.0
3.0
10.0
10.0
2.0
3.0
36.0
2.0
10.0
10.0
3.0
10.0
10.0
10.0
10.0
26.0
2.0
33.0
10.0
3.0
10.0
10.0
3.0
3.0
43.0
36.0
36.0
10.0
10.0
10.0
10.0
10.0
3.0
10.0
37.0
10.0
43.0
10.0
36.0
10.0
3.0
10.0
16.0
