3.0
43.0
23.0
20.0
7.0
43.0
1.0
23.0
1.0
43.0
23.0
8.0
20.0
8.0
8.0
20.0
20.0
8.0
4.0
4.0
43.0
4.0
39.0
8.0
39.0
7.0
7.0
39.0
7.0
7.0
8.0
20.0
8.0
20.0
20.0
20.0
8.0
4.0
20.0
3.0
3.0
20.0
43.0
20.0
20.0
20.0
3.0
20.0
3.0
3.0
20.0
8.0
8.0
3.0
3.0
8.0
8.0
3.0
8.0
20.0
3.0
43.0
3.0
20.0
20.0
20.0
20.0
7.0
3.0
7.0
23.0
23.0
23.0
23.0
20.0
20.0
20.0
19.0
20.0
7.0
43.0
7.0
23.0
20.0
7.0
3.0
7.0
23.0
8.0
39.0
43.0
7.0
7.0
20.0
20.0
7.0
3.0
8.0
20.0
20.0
8.0
8.0
43.0
7.0
20.0
8.0
3.0
8.0
1.0
8.0
3.0
3.0
3.0
8.0
3.0
8.0
8.0
7.0
7.0
19.0
37.0
1.0
7.0
7.0
7.0
7.0
7.0
7.0
7.0
7.0
8.0
7.0
7.0
7.0
7.0
7.0
7.0
7.0
7.0
7.0
7.0
23.0
43.0
43.0
23.0
1.0
23.0
43.0
43.0
7.0
37.0
43.0
3.0
7.0
1.0
3.0
43.0
43.0
3.0
3.0
23.0
3.0
3.0
7.0
3.0
3.0
43.0
1.0
8.0
37.0
3.0
3.0
19.0
23.0
7.0
7.0
7.0
7.0
7.0
7.0
23.0
7.0
7.0
7.0
7.0
37.0
7.0
20.0
20.0
20.0
20.0
23.0
20.0
4.0
20.0
20.0
23.0
3.0
3.0
8.0
23.0
43.0
7.0
7.0
7.0
7.0
7.0
7.0
7.0
7.0
7.0
7.0
7.0
7.0
7.0
7.0
7.0
7.0
7.0
7.0
7.0
7.0
7.0
7.0
7.0
7.0
7.0
7.0
37.0
7.0
7.0
7.0
7.0
7.0
7.0
3.0
7.0
7.0
7.0
7.0
7.0
7.0
3.0
7.0
1.0
4.0
3.0
7.0
7.0
3.0
3.0
7.0
7.0
3.0
1.0
4.0
4.0
7.0
3.0
7.0
7.0
8.0
3.0
23.0
8.0
7.0
7.0
3.0
7.0
7.0
7.0
37.0
19.0
8.0
3.0
7.0
4.0
7.0
37.0
4.0
3.0
43.0
23.0
23.0
7.0
7.0
7.0
7.0
7.0
3.0
7.0
1.0
7.0
43.0
7.0
23.0
7.0
20.0
7.0
3.0
