33.0
43.0
23.0
16.0
10.0
43.0
37.0
23.0
37.0
37.0
23.0
2.0
16.0
22.0
2.0
16.0
16.0
2.0
16.0
4.0
16.0
16.0
10.0
10.0
10.0
10.0
10.0
10.0
10.0
10.0
10.0
16.0
2.0
16.0
16.0
16.0
2.0
4.0
16.0
16.0
16.0
16.0
16.0
16.0
16.0
16.0
33.0
16.0
33.0
33.0
16.0
2.0
2.0
33.0
33.0
2.0
2.0
33.0
2.0
16.0
33.0
43.0
33.0
16.0
16.0
16.0
16.0
10.0
33.0
10.0
23.0
23.0
23.0
23.0
16.0
16.0
16.0
34.0
16.0
10.0
43.0
10.0
23.0
16.0
10.0
16.0
10.0
23.0
2.0
10.0
43.0
10.0
10.0
16.0
16.0
10.0
33.0
2.0
16.0
16.0
10.0
2.0
43.0
10.0
16.0
10.0
33.0
10.0
37.0
2.0
33.0
33.0
33.0
2.0
33.0
2.0
2.0
10.0
10.0
34.0
10.0
23.0
10.0
10.0
10.0
10.0
10.0
10.0
10.0
10.0
2.0
10.0
10.0
10.0
10.0
10.0
10.0
10.0
10.0
10.0
10.0
23.0
43.0
43.0
23.0
23.0
43.0
43.0
43.0
10.0
37.0
43.0
16.0
10.0
37.0
16.0
16.0
43.0
33.0
33.0
23.0
33.0
33.0
10.0
33.0
33.0
16.0
23.0
2.0
10.0
16.0
33.0
8.0
23.0
10.0
10.0
10.0
10.0
10.0
10.0
23.0
10.0
10.0
10.0
10.0
10.0
10.0
16.0
16.0
16.0
16.0
23.0
16.0
4.0
16.0
16.0
23.0
2.0
33.0
2.0
23.0
16.0
10.0
10.0
10.0
10.0
10.0
10.0
10.0
10.0
10.0
10.0
10.0
10.0
10.0
10.0
10.0
10.0
10.0
10.0
10.0
10.0
10.0
10.0
10.0
10.0
10.0
10.0
10.0
10.0
10.0
10.0
10.0
10.0
10.0
33.0
10.0
10.0
10.0
10.0
10.0
10.0
16.0
10.0
23.0
16.0
2.0
10.0
10.0
33.0
33.0
10.0
10.0
33.0
23.0
33.0
4.0
10.0
33.0
10.0
10.0
2.0
33.0
23.0
2.0
10.0
10.0
2.0
10.0
10.0
10.0
10.0
16.0
2.0
33.0
10.0
16.0
10.0
10.0
16.0
4.0
43.0
23.0
23.0
10.0
10.0
10.0
10.0
10.0
2.0
10.0
37.0
10.0
43.0
10.0
23.0
10.0
20.0
10.0
16.0
