4.0
36.0
36.0
20.0
10.0
36.0
37.0
36.0
37.0
37.0
36.0
22.0
20.0
20.0
2.0
20.0
20.0
2.0
4.0
4.0
20.0
4.0
39.0
39.0
39.0
10.0
10.0
39.0
10.0
10.0
39.0
20.0
2.0
20.0
20.0
20.0
2.0
4.0
20.0
4.0
4.0
20.0
20.0
20.0
20.0
20.0
4.0
20.0
4.0
4.0
20.0
4.0
26.0
4.0
4.0
2.0
4.0
4.0
2.0
20.0
4.0
36.0
4.0
20.0
20.0
20.0
20.0
10.0
4.0
10.0
36.0
1.0
1.0
36.0
20.0
20.0
20.0
19.0
20.0
10.0
20.0
10.0
36.0
20.0
10.0
4.0
10.0
36.0
2.0
39.0
20.0
10.0
10.0
20.0
20.0
10.0
4.0
2.0
20.0
20.0
39.0
2.0
43.0
10.0
20.0
39.0
4.0
2.0
10.0
2.0
4.0
4.0
4.0
2.0
4.0
2.0
2.0
10.0
10.0
19.0
10.0
1.0
10.0
10.0
10.0
10.0
10.0
10.0
10.0
10.0
2.0
10.0
10.0
10.0
10.0
10.0
10.0
10.0
10.0
10.0
10.0
36.0
36.0
43.0
1.0
1.0
36.0
36.0
36.0
10.0
10.0
36.0
4.0
10.0
10.0
4.0
20.0
36.0
4.0
4.0
36.0
4.0
4.0
10.0
4.0
4.0
20.0
1.0
4.0
10.0
20.0
4.0
26.0
1.0
10.0
10.0
10.0
10.0
10.0
10.0
1.0
10.0
10.0
10.0
10.0
10.0
10.0
20.0
20.0
20.0
20.0
1.0
20.0
4.0
20.0
20.0
1.0
4.0
4.0
2.0
36.0
20.0
10.0
10.0
10.0
10.0
10.0
10.0
10.0
10.0
10.0
10.0
10.0
10.0
10.0
10.0
10.0
10.0
10.0
10.0
10.0
10.0
10.0
10.0
10.0
10.0
10.0
10.0
10.0
10.0
10.0
10.0
10.0
10.0
10.0
4.0
10.0
10.0
10.0
10.0
10.0
10.0
4.0
10.0
1.0
4.0
4.0
10.0
10.0
4.0
4.0
10.0
10.0
4.0
1.0
4.0
4.0
10.0
4.0
10.0
10.0
2.0
4.0
36.0
2.0
10.0
10.0
4.0
10.0
10.0
10.0
10.0
20.0
2.0
4.0
10.0
4.0
10.0
10.0
4.0
4.0
36.0
36.0
36.0
10.0
10.0
10.0
10.0
10.0
4.0
10.0
10.0
10.0
36.0
10.0
36.0
10.0
20.0
10.0
20.0
