2.0
36.0
36.0
20.0
7.0
36.0
36.0
36.0
37.0
36.0
36.0
22.0
16.0
22.0
22.0
20.0
20.0
2.0
33.0
33.0
16.0
20.0
29.0
29.0
29.0
7.0
10.0
29.0
7.0
7.0
29.0
20.0
2.0
16.0
16.0
16.0
22.0
33.0
16.0
16.0
33.0
16.0
16.0
20.0
20.0
20.0
33.0
20.0
33.0
33.0
20.0
2.0
20.0
33.0
33.0
22.0
2.0
33.0
2.0
16.0
33.0
36.0
33.0
20.0
20.0
20.0
20.0
7.0
33.0
7.0
36.0
36.0
36.0
36.0
20.0
20.0
20.0
20.0
20.0
7.0
36.0
7.0
36.0
20.0
7.0
33.0
7.0
36.0
2.0
29.0
36.0
7.0
7.0
20.0
20.0
7.0
2.0
2.0
20.0
20.0
29.0
22.0
36.0
7.0
20.0
7.0
2.0
29.0
37.0
22.0
33.0
33.0
2.0
22.0
2.0
2.0
22.0
7.0
10.0
34.0
10.0
36.0
7.0
7.0
7.0
7.0
7.0
7.0
7.0
7.0
2.0
7.0
7.0
7.0
7.0
7.0
7.0
7.0
7.0
7.0
7.0
36.0
36.0
36.0
36.0
37.0
36.0
36.0
36.0
7.0
37.0
36.0
33.0
7.0
37.0
16.0
16.0
36.0
33.0
33.0
36.0
33.0
33.0
7.0
33.0
33.0
16.0
37.0
2.0
10.0
16.0
33.0
7.0
36.0
7.0
10.0
7.0
7.0
7.0
7.0
36.0
7.0
7.0
7.0
7.0
10.0
7.0
16.0
16.0
20.0
20.0
36.0
20.0
33.0
20.0
20.0
36.0
2.0
33.0
22.0
36.0
16.0
7.0
7.0
7.0
7.0
7.0
7.0
7.0
7.0
7.0
7.0
7.0
7.0
7.0
7.0
7.0
7.0
7.0
7.0
7.0
7.0
7.0
7.0
7.0
7.0
7.0
7.0
10.0
7.0
7.0
7.0
7.0
7.0
7.0
33.0
7.0
7.0
7.0
7.0
7.0
7.0
16.0
7.0
37.0
33.0
2.0
10.0
7.0
33.0
33.0
7.0
7.0
33.0
37.0
33.0
33.0
7.0
33.0
7.0
7.0
22.0
2.0
36.0
22.0
7.0
10.0
2.0
10.0
7.0
7.0
37.0
20.0
22.0
33.0
7.0
20.0
7.0
37.0
20.0
20.0
36.0
36.0
36.0
7.0
7.0
7.0
7.0
7.0
2.0
7.0
37.0
7.0
36.0
7.0
36.0
7.0
20.0
10.0
20.0
