2.0
43.0
23.0
20.0
10.0
43.0
43.0
23.0
37.0
43.0
23.0
2.0
16.0
20.0
2.0
20.0
20.0
2.0
4.0
4.0
16.0
4.0
10.0
10.0
10.0
10.0
10.0
10.0
10.0
10.0
10.0
16.0
2.0
16.0
16.0
16.0
2.0
4.0
16.0
16.0
4.0
16.0
16.0
20.0
20.0
20.0
2.0
16.0
4.0
2.0
16.0
2.0
4.0
4.0
2.0
2.0
2.0
4.0
2.0
16.0
2.0
43.0
4.0
20.0
20.0
20.0
16.0
10.0
4.0
10.0
23.0
23.0
23.0
23.0
16.0
20.0
20.0
4.0
20.0
10.0
43.0
10.0
23.0
20.0
10.0
4.0
10.0
23.0
2.0
10.0
43.0
10.0
10.0
20.0
16.0
10.0
2.0
2.0
20.0
20.0
10.0
2.0
43.0
10.0
20.0
10.0
2.0
10.0
10.0
2.0
4.0
2.0
2.0
2.0
2.0
2.0
2.0
10.0
10.0
3.0
10.0
23.0
10.0
10.0
10.0
10.0
10.0
10.0
10.0
10.0
2.0
10.0
10.0
10.0
10.0
10.0
10.0
10.0
10.0
10.0
10.0
23.0
43.0
43.0
23.0
37.0
43.0
43.0
43.0
10.0
10.0
43.0
4.0
10.0
10.0
16.0
16.0
43.0
4.0
2.0
23.0
4.0
2.0
10.0
2.0
2.0
16.0
37.0
2.0
10.0
16.0
4.0
10.0
23.0
10.0
10.0
10.0
10.0
10.0
10.0
23.0
10.0
10.0
10.0
10.0
10.0
10.0
16.0
16.0
16.0
16.0
23.0
20.0
4.0
20.0
20.0
23.0
2.0
2.0
2.0
23.0
43.0
10.0
10.0
10.0
10.0
10.0
10.0
10.0
10.0
10.0
10.0
10.0
10.0
10.0
10.0
10.0
10.0
10.0
10.0
10.0
10.0
10.0
10.0
10.0
10.0
10.0
10.0
10.0
10.0
10.0
10.0
10.0
10.0
10.0
4.0
10.0
10.0
10.0
10.0
10.0
10.0
16.0
10.0
23.0
4.0
2.0
10.0
10.0
4.0
4.0
10.0
10.0
4.0
23.0
4.0
4.0
10.0
4.0
10.0
10.0
2.0
2.0
23.0
2.0
10.0
10.0
2.0
10.0
10.0
10.0
10.0
20.0
2.0
4.0
10.0
4.0
10.0
10.0
4.0
4.0
43.0
23.0
23.0
10.0
10.0
10.0
10.0
10.0
4.0
10.0
10.0
10.0
43.0
10.0
23.0
10.0
20.0
10.0
16.0
