2.0
1.0
1.0
4.0
10.0
20.0
1.0
1.0
1.0
20.0
1.0
22.0
20.0
20.0
22.0
20.0
20.0
22.0
33.0
33.0
16.0
33.0
8.0
8.0
8.0
10.0
10.0
8.0
10.0
10.0
8.0
4.0
22.0
20.0
20.0
20.0
22.0
33.0
16.0
4.0
33.0
16.0
16.0
20.0
20.0
20.0
33.0
4.0
33.0
33.0
4.0
2.0
22.0
33.0
33.0
22.0
2.0
33.0
22.0
20.0
33.0
14.0
33.0
20.0
20.0
20.0
4.0
10.0
33.0
10.0
1.0
1.0
1.0
1.0
20.0
20.0
20.0
4.0
20.0
10.0
20.0
10.0
1.0
20.0
10.0
33.0
10.0
1.0
22.0
8.0
20.0
10.0
10.0
20.0
4.0
10.0
2.0
22.0
20.0
20.0
8.0
22.0
20.0
10.0
20.0
8.0
2.0
8.0
1.0
22.0
33.0
33.0
2.0
22.0
2.0
22.0
22.0
10.0
10.0
22.0
10.0
1.0
10.0
10.0
10.0
10.0
10.0
10.0
10.0
10.0
22.0
10.0
10.0
10.0
10.0
10.0
10.0
10.0
10.0
10.0
10.0
1.0
14.0
43.0
1.0
1.0
1.0
14.0
14.0
10.0
37.0
14.0
33.0
10.0
1.0
4.0
16.0
14.0
33.0
33.0
1.0
33.0
33.0
10.0
33.0
33.0
16.0
1.0
2.0
10.0
16.0
33.0
8.0
1.0
10.0
10.0
10.0
10.0
10.0
10.0
1.0
10.0
10.0
10.0
10.0
10.0
10.0
20.0
20.0
20.0
20.0
1.0
20.0
33.0
20.0
20.0
1.0
2.0
33.0
22.0
1.0
43.0
10.0
10.0
10.0
10.0
10.0
10.0
10.0
10.0
10.0
10.0
10.0
10.0
10.0
10.0
10.0
10.0
10.0
10.0
10.0
10.0
10.0
10.0
10.0
10.0
10.0
10.0
10.0
10.0
10.0
10.0
10.0
10.0
10.0
33.0
10.0
10.0
10.0
10.0
10.0
10.0
4.0
10.0
1.0
33.0
2.0
10.0
10.0
33.0
33.0
10.0
10.0
33.0
1.0
33.0
33.0
10.0
33.0
10.0
10.0
22.0
2.0
1.0
22.0
10.0
10.0
2.0
10.0
10.0
10.0
10.0
20.0
22.0
33.0
10.0
33.0
10.0
10.0
33.0
33.0
14.0
1.0
1.0
10.0
10.0
10.0
10.0
10.0
2.0
10.0
1.0
10.0
14.0
10.0
1.0
10.0
15.0
10.0
4.0
