2.0
36.0
36.0
20.0
10.0
36.0
36.0
36.0
36.0
36.0
36.0
8.0
16.0
20.0
29.0
20.0
20.0
29.0
20.0
20.0
16.0
20.0
29.0
29.0
29.0
10.0
10.0
29.0
10.0
10.0
29.0
20.0
29.0
20.0
20.0
20.0
8.0
20.0
16.0
20.0
20.0
16.0
16.0
20.0
20.0
20.0
2.0
20.0
2.0
2.0
20.0
2.0
26.0
2.0
2.0
29.0
2.0
33.0
29.0
20.0
2.0
36.0
2.0
20.0
20.0
20.0
20.0
10.0
33.0
10.0
36.0
36.0
36.0
36.0
20.0
20.0
20.0
8.0
20.0
10.0
36.0
10.0
36.0
20.0
10.0
20.0
10.0
36.0
29.0
29.0
36.0
10.0
10.0
20.0
20.0
10.0
2.0
29.0
20.0
20.0
29.0
29.0
36.0
10.0
20.0
29.0
2.0
29.0
19.0
29.0
2.0
2.0
2.0
29.0
2.0
29.0
29.0
10.0
10.0
8.0
10.0
36.0
10.0
10.0
10.0
10.0
10.0
10.0
10.0
10.0
29.0
10.0
10.0
10.0
10.0
10.0
10.0
10.0
10.0
10.0
10.0
36.0
36.0
36.0
36.0
36.0
36.0
36.0
36.0
10.0
10.0
36.0
20.0
10.0
19.0
20.0
16.0
36.0
2.0
2.0
36.0
2.0
2.0
10.0
2.0
2.0
16.0
19.0
2.0
10.0
20.0
2.0
8.0
36.0
10.0
10.0
10.0
10.0
10.0
10.0
36.0
10.0
10.0
10.0
10.0
10.0
10.0
20.0
20.0
20.0
20.0
36.0
20.0
20.0
20.0
20.0
36.0
2.0
2.0
8.0
36.0
36.0
10.0
10.0
10.0
10.0
10.0
10.0
10.0
10.0
10.0
10.0
10.0
10.0
10.0
10.0
10.0
10.0
10.0
10.0
10.0
10.0
10.0
10.0
10.0
10.0
10.0
10.0
10.0
10.0
10.0
10.0
10.0
10.0
10.0
33.0
10.0
10.0
10.0
10.0
10.0
10.0
20.0
10.0
36.0
20.0
2.0
10.0
10.0
33.0
33.0
10.0
10.0
33.0
36.0
2.0
20.0
10.0
2.0
10.0
10.0
29.0
2.0
36.0
29.0
10.0
10.0
2.0
10.0
10.0
10.0
10.0
20.0
29.0
2.0
10.0
20.0
10.0
10.0
20.0
20.0
36.0
36.0
36.0
10.0
10.0
10.0
10.0
10.0
2.0
10.0
19.0
10.0
36.0
10.0
36.0
10.0
20.0
10.0
20.0
