4.0
34.0
31.0
4.0
10.0
16.0
37.0
31.0
37.0
37.0
31.0
2.0
16.0
20.0
2.0
20.0
16.0
2.0
4.0
4.0
16.0
4.0
29.0
29.0
29.0
10.0
10.0
29.0
10.0
10.0
29.0
16.0
2.0
16.0
16.0
16.0
22.0
4.0
16.0
16.0
4.0
16.0
16.0
16.0
16.0
16.0
4.0
16.0
4.0
4.0
16.0
8.0
22.0
4.0
4.0
2.0
8.0
4.0
2.0
16.0
4.0
16.0
4.0
16.0
16.0
16.0
16.0
10.0
4.0
10.0
31.0
23.0
23.0
34.0
16.0
16.0
16.0
34.0
16.0
10.0
16.0
10.0
34.0
16.0
10.0
4.0
10.0
31.0
2.0
29.0
16.0
10.0
10.0
16.0
16.0
10.0
4.0
2.0
16.0
16.0
29.0
2.0
16.0
10.0
16.0
10.0
4.0
29.0
37.0
2.0
4.0
4.0
4.0
2.0
4.0
2.0
2.0
10.0
10.0
34.0
10.0
37.0
10.0
10.0
10.0
10.0
10.0
10.0
10.0
10.0
2.0
10.0
10.0
10.0
10.0
10.0
10.0
10.0
10.0
10.0
10.0
31.0
34.0
16.0
23.0
37.0
34.0
34.0
16.0
10.0
37.0
34.0
4.0
10.0
37.0
16.0
16.0
34.0
4.0
4.0
34.0
4.0
4.0
10.0
4.0
4.0
16.0
37.0
8.0
10.0
16.0
4.0
8.0
23.0
10.0
10.0
10.0
10.0
10.0
10.0
23.0
10.0
10.0
10.0
10.0
10.0
10.0
16.0
16.0
16.0
16.0
23.0
16.0
4.0
20.0
20.0
23.0
4.0
4.0
2.0
31.0
16.0
10.0
10.0
10.0
10.0
10.0
10.0
10.0
10.0
10.0
10.0
10.0
10.0
10.0
10.0
10.0
10.0
10.0
10.0
10.0
10.0
10.0
10.0
10.0
10.0
10.0
10.0
10.0
10.0
10.0
10.0
10.0
10.0
10.0
4.0
10.0
10.0
10.0
10.0
10.0
10.0
16.0
10.0
37.0
4.0
4.0
10.0
10.0
4.0
4.0
10.0
10.0
4.0
37.0
4.0
4.0
10.0
4.0
10.0
10.0
2.0
4.0
23.0
2.0
10.0
10.0
4.0
10.0
10.0
10.0
10.0
16.0
2.0
4.0
10.0
4.0
10.0
10.0
4.0
4.0
16.0
34.0
34.0
10.0
10.0
10.0
10.0
10.0
8.0
10.0
37.0
10.0
34.0
10.0
34.0
10.0
20.0
10.0
16.0
