4.0
36.0
1.0
4.0
7.0
36.0
1.0
1.0
1.0
1.0
36.0
22.0
16.0
22.0
22.0
20.0
20.0
22.0
4.0
4.0
16.0
4.0
39.0
39.0
39.0
7.0
7.0
39.0
7.0
7.0
39.0
16.0
22.0
16.0
16.0
16.0
22.0
4.0
16.0
4.0
4.0
16.0
16.0
16.0
16.0
16.0
4.0
16.0
4.0
4.0
4.0
4.0
4.0
4.0
4.0
22.0
2.0
4.0
22.0
16.0
4.0
36.0
4.0
16.0
16.0
16.0
4.0
7.0
4.0
7.0
1.0
1.0
1.0
1.0
16.0
16.0
20.0
3.0
16.0
7.0
16.0
7.0
36.0
16.0
7.0
4.0
7.0
1.0
22.0
39.0
16.0
7.0
7.0
20.0
16.0
7.0
4.0
22.0
16.0
16.0
39.0
22.0
16.0
7.0
16.0
39.0
4.0
22.0
1.0
22.0
4.0
4.0
4.0
22.0
4.0
22.0
22.0
7.0
7.0
3.0
7.0
1.0
7.0
7.0
7.0
7.0
7.0
7.0
7.0
7.0
22.0
7.0
7.0
7.0
7.0
7.0
7.0
7.0
7.0
7.0
7.0
1.0
36.0
16.0
1.0
1.0
36.0
36.0
36.0
7.0
1.0
36.0
4.0
7.0
1.0
16.0
16.0
36.0
4.0
4.0
36.0
4.0
4.0
7.0
4.0
4.0
16.0
1.0
4.0
10.0
16.0
4.0
7.0
1.0
7.0
7.0
7.0
7.0
7.0
7.0
1.0
7.0
7.0
7.0
7.0
7.0
7.0
16.0
16.0
16.0
16.0
1.0
16.0
4.0
20.0
16.0
1.0
4.0
4.0
22.0
1.0
16.0
7.0
7.0
7.0
7.0
7.0
7.0
7.0
7.0
7.0
7.0
7.0
7.0
7.0
7.0
7.0
7.0
7.0
7.0
7.0
7.0
7.0
7.0
7.0
7.0
7.0
7.0
7.0
7.0
7.0
7.0
7.0
7.0
7.0
4.0
7.0
7.0
7.0
7.0
7.0
7.0
4.0
7.0
1.0
4.0
4.0
7.0
7.0
4.0
4.0
7.0
7.0
4.0
1.0
4.0
4.0
7.0
4.0
7.0
7.0
22.0
4.0
1.0
22.0
7.0
7.0
4.0
7.0
7.0
7.0
7.0
16.0
22.0
4.0
7.0
4.0
7.0
1.0
4.0
4.0
36.0
1.0
1.0
7.0
7.0
7.0
7.0
7.0
4.0
7.0
1.0
7.0
36.0
7.0
1.0
7.0
4.0
7.0
4.0
