3.0
43.0
1.0
20.0
7.0
43.0
1.0
1.0
37.0
43.0
1.0
22.0
20.0
22.0
22.0
20.0
20.0
22.0
20.0
3.0
20.0
20.0
29.0
29.0
29.0
7.0
7.0
29.0
7.0
7.0
29.0
20.0
22.0
20.0
20.0
20.0
22.0
3.0
20.0
16.0
3.0
20.0
20.0
20.0
20.0
20.0
3.0
20.0
3.0
3.0
20.0
3.0
20.0
3.0
3.0
22.0
3.0
3.0
22.0
20.0
3.0
43.0
3.0
20.0
20.0
20.0
20.0
7.0
3.0
7.0
1.0
1.0
1.0
1.0
20.0
20.0
20.0
8.0
20.0
7.0
43.0
7.0
43.0
20.0
7.0
20.0
7.0
1.0
22.0
29.0
43.0
7.0
7.0
20.0
20.0
7.0
3.0
22.0
20.0
20.0
29.0
22.0
43.0
7.0
20.0
29.0
3.0
22.0
1.0
22.0
3.0
3.0
3.0
22.0
3.0
22.0
22.0
7.0
7.0
8.0
37.0
1.0
7.0
7.0
7.0
7.0
7.0
7.0
7.0
7.0
22.0
7.0
7.0
7.0
7.0
7.0
7.0
7.0
7.0
7.0
7.0
1.0
43.0
43.0
1.0
1.0
43.0
43.0
43.0
7.0
37.0
43.0
3.0
7.0
1.0
16.0
20.0
43.0
3.0
3.0
43.0
3.0
3.0
7.0
3.0
3.0
16.0
1.0
3.0
37.0
20.0
3.0
7.0
1.0
7.0
7.0
7.0
7.0
7.0
7.0
1.0
7.0
7.0
7.0
7.0
37.0
7.0
20.0
20.0
20.0
20.0
1.0
20.0
3.0
20.0
20.0
1.0
3.0
3.0
22.0
1.0
43.0
7.0
7.0
7.0
7.0
7.0
7.0
7.0
7.0
7.0
7.0
7.0
7.0
7.0
7.0
7.0
7.0
7.0
7.0
7.0
7.0
7.0
7.0
7.0
7.0
7.0
7.0
37.0
7.0
7.0
7.0
7.0
7.0
7.0
3.0
7.0
7.0
7.0
7.0
7.0
7.0
20.0
7.0
1.0
3.0
3.0
7.0
7.0
3.0
3.0
7.0
7.0
3.0
1.0
3.0
3.0
7.0
3.0
7.0
7.0
22.0
3.0
1.0
22.0
7.0
7.0
3.0
7.0
7.0
7.0
37.0
20.0
22.0
3.0
7.0
20.0
7.0
37.0
20.0
3.0
43.0
1.0
1.0
7.0
7.0
7.0
7.0
7.0
3.0
7.0
1.0
7.0
43.0
7.0
1.0
7.0
20.0
7.0
20.0
