4.0
43.0
1.0
4.0
10.0
43.0
8.0
1.0
8.0
36.0
43.0
22.0
16.0
20.0
10.0
20.0
20.0
10.0
4.0
4.0
16.0
4.0
29.0
10.0
29.0
10.0
10.0
29.0
10.0
10.0
29.0
4.0
10.0
16.0
16.0
16.0
22.0
4.0
16.0
4.0
4.0
5.0
16.0
20.0
20.0
20.0
4.0
4.0
4.0
4.0
4.0
4.0
22.0
4.0
4.0
10.0
33.0
4.0
10.0
16.0
4.0
43.0
4.0
20.0
20.0
20.0
4.0
10.0
4.0
10.0
1.0
1.0
1.0
1.0
20.0
20.0
20.0
4.0
20.0
10.0
43.0
10.0
43.0
20.0
10.0
4.0
10.0
1.0
10.0
29.0
43.0
10.0
10.0
20.0
4.0
10.0
4.0
10.0
20.0
20.0
10.0
10.0
43.0
10.0
20.0
10.0
4.0
10.0
1.0
10.0
4.0
4.0
4.0
10.0
4.0
10.0
10.0
10.0
10.0
3.0
10.0
1.0
10.0
10.0
10.0
10.0
10.0
10.0
10.0
10.0
10.0
10.0
10.0
10.0
10.0
10.0
10.0
10.0
10.0
10.0
10.0
1.0
43.0
43.0
1.0
1.0
43.0
43.0
43.0
10.0
10.0
43.0
4.0
10.0
1.0
4.0
16.0
43.0
4.0
4.0
43.0
4.0
4.0
10.0
4.0
4.0
16.0
1.0
4.0
10.0
5.0
4.0
10.0
1.0
10.0
10.0
10.0
10.0
10.0
10.0
1.0
10.0
10.0
10.0
10.0
10.0
10.0
20.0
20.0
20.0
20.0
1.0
20.0
4.0
20.0
20.0
1.0
4.0
4.0
22.0
1.0
43.0
10.0
10.0
10.0
10.0
10.0
10.0
10.0
10.0
10.0
10.0
10.0
10.0
10.0
10.0
10.0
10.0
10.0
10.0
10.0
10.0
10.0
10.0
10.0
10.0
10.0
10.0
10.0
10.0
10.0
10.0
10.0
10.0
10.0
4.0
10.0
10.0
10.0
10.0
10.0
10.0
4.0
10.0
1.0
4.0
4.0
10.0
10.0
4.0
4.0
10.0
10.0
4.0
1.0
4.0
4.0
10.0
4.0
10.0
10.0
10.0
4.0
1.0
10.0
10.0
10.0
4.0
10.0
10.0
10.0
10.0
20.0
10.0
4.0
10.0
4.0
10.0
10.0
4.0
4.0
43.0
1.0
1.0
10.0
10.0
10.0
10.0
10.0
4.0
10.0
1.0
10.0
43.0
10.0
36.0
10.0
20.0
10.0
4.0
