33.0
36.0
36.0
20.0
10.0
20.0
36.0
36.0
36.0
36.0
36.0
8.0
20.0
20.0
8.0
20.0
20.0
8.0
33.0
33.0
20.0
33.0
8.0
8.0
8.0
10.0
10.0
8.0
10.0
10.0
8.0
33.0
8.0
20.0
20.0
20.0
8.0
33.0
20.0
33.0
33.0
20.0
20.0
20.0
20.0
20.0
33.0
33.0
33.0
33.0
33.0
8.0
8.0
33.0
33.0
8.0
8.0
33.0
8.0
20.0
33.0
36.0
33.0
20.0
20.0
20.0
20.0
10.0
33.0
10.0
36.0
36.0
36.0
36.0
20.0
20.0
20.0
8.0
20.0
10.0
20.0
10.0
36.0
20.0
10.0
33.0
10.0
36.0
8.0
8.0
36.0
10.0
10.0
20.0
33.0
10.0
33.0
8.0
20.0
20.0
8.0
8.0
36.0
10.0
20.0
8.0
33.0
8.0
37.0
8.0
33.0
33.0
33.0
8.0
33.0
8.0
8.0
10.0
10.0
8.0
10.0
36.0
10.0
10.0
10.0
10.0
10.0
10.0
10.0
10.0
8.0
10.0
10.0
10.0
10.0
10.0
10.0
10.0
10.0
10.0
10.0
36.0
36.0
36.0
36.0
37.0
36.0
36.0
36.0
10.0
37.0
36.0
33.0
10.0
37.0
33.0
20.0
36.0
33.0
33.0
36.0
33.0
33.0
10.0
33.0
33.0
20.0
37.0
8.0
10.0
20.0
33.0
8.0
36.0
10.0
10.0
10.0
10.0
10.0
10.0
36.0
10.0
10.0
10.0
10.0
10.0
10.0
20.0
20.0
20.0
20.0
36.0
20.0
33.0
20.0
20.0
36.0
33.0
33.0
8.0
36.0
36.0
10.0
10.0
10.0
10.0
10.0
10.0
10.0
10.0
10.0
10.0
10.0
10.0
10.0
10.0
10.0
10.0
10.0
10.0
10.0
10.0
10.0
10.0
10.0
10.0
10.0
10.0
10.0
10.0
10.0
10.0
10.0
10.0
10.0
33.0
10.0
10.0
10.0
10.0
10.0
10.0
33.0
10.0
37.0
33.0
33.0
10.0
10.0
33.0
33.0
10.0
10.0
33.0
36.0
33.0
33.0
10.0
33.0
10.0
10.0
8.0
33.0
36.0
8.0
10.0
10.0
8.0
10.0
10.0
10.0
10.0
8.0
8.0
33.0
10.0
33.0
10.0
10.0
33.0
33.0
36.0
36.0
36.0
10.0
10.0
10.0
10.0
10.0
8.0
10.0
37.0
10.0
36.0
10.0
36.0
10.0
20.0
10.0
33.0
