4.0
43.0
36.0
4.0
45.0
43.0
36.0
36.0
37.0
43.0
36.0
8.0
16.0
8.0
8.0
20.0
20.0
8.0
4.0
4.0
16.0
4.0
29.0
8.0
29.0
45.0
37.0
29.0
45.0
45.0
8.0
16.0
8.0
16.0
16.0
16.0
8.0
4.0
16.0
16.0
4.0
16.0
16.0
20.0
20.0
20.0
4.0
16.0
4.0
4.0
4.0
8.0
8.0
4.0
4.0
8.0
8.0
4.0
8.0
16.0
4.0
43.0
4.0
20.0
20.0
20.0
4.0
45.0
4.0
45.0
36.0
36.0
36.0
36.0
16.0
20.0
20.0
34.0
20.0
45.0
16.0
37.0
36.0
20.0
45.0
4.0
45.0
36.0
8.0
29.0
43.0
45.0
45.0
20.0
16.0
45.0
4.0
8.0
20.0
20.0
8.0
8.0
16.0
45.0
20.0
8.0
4.0
8.0
37.0
8.0
4.0
4.0
4.0
8.0
4.0
8.0
8.0
45.0
37.0
34.0
37.0
1.0
45.0
45.0
45.0
45.0
45.0
45.0
45.0
45.0
8.0
45.0
45.0
45.0
45.0
45.0
45.0
45.0
45.0
45.0
45.0
36.0
43.0
16.0
1.0
37.0
36.0
43.0
43.0
37.0
37.0
43.0
4.0
45.0
37.0
16.0
16.0
43.0
4.0
4.0
36.0
4.0
4.0
45.0
4.0
4.0
16.0
37.0
8.0
37.0
16.0
4.0
8.0
36.0
45.0
37.0
45.0
45.0
45.0
45.0
36.0
45.0
45.0
45.0
45.0
37.0
45.0
16.0
16.0
16.0
16.0
36.0
16.0
4.0
20.0
20.0
36.0
4.0
4.0
8.0
36.0
16.0
45.0
45.0
45.0
45.0
45.0
45.0
45.0
45.0
45.0
45.0
45.0
45.0
45.0
45.0
45.0
45.0
45.0
45.0
45.0
45.0
45.0
45.0
37.0
45.0
45.0
45.0
37.0
45.0
45.0
45.0
45.0
45.0
45.0
4.0
45.0
45.0
45.0
45.0
45.0
45.0
4.0
45.0
37.0
4.0
4.0
37.0
45.0
4.0
4.0
45.0
45.0
4.0
1.0
4.0
4.0
45.0
4.0
45.0
45.0
8.0
4.0
36.0
8.0
45.0
37.0
4.0
37.0
45.0
45.0
37.0
8.0
8.0
4.0
45.0
4.0
45.0
37.0
4.0
4.0
43.0
36.0
36.0
45.0
45.0
45.0
45.0
45.0
4.0
45.0
37.0
45.0
43.0
45.0
36.0
45.0
20.0
37.0
4.0
