33.0
36.0
31.0
20.0
10.0
20.0
36.0
31.0
36.0
36.0
23.0
8.0
20.0
20.0
29.0
20.0
20.0
29.0
33.0
33.0
20.0
33.0
29.0
29.0
29.0
10.0
10.0
29.0
10.0
10.0
29.0
20.0
29.0
20.0
20.0
20.0
3.0
33.0
20.0
16.0
33.0
20.0
20.0
20.0
20.0
20.0
33.0
20.0
33.0
33.0
20.0
3.0
3.0
33.0
33.0
29.0
3.0
33.0
29.0
20.0
33.0
36.0
33.0
20.0
20.0
20.0
20.0
10.0
33.0
10.0
31.0
31.0
31.0
31.0
20.0
20.0
20.0
3.0
20.0
10.0
20.0
10.0
23.0
20.0
10.0
33.0
10.0
31.0
29.0
29.0
36.0
10.0
10.0
20.0
20.0
10.0
33.0
29.0
20.0
20.0
29.0
29.0
20.0
10.0
20.0
29.0
33.0
29.0
37.0
29.0
33.0
33.0
33.0
29.0
33.0
29.0
29.0
10.0
10.0
3.0
10.0
31.0
10.0
10.0
10.0
10.0
10.0
10.0
10.0
10.0
29.0
10.0
10.0
10.0
10.0
10.0
10.0
10.0
10.0
10.0
10.0
31.0
36.0
43.0
31.0
37.0
31.0
36.0
36.0
10.0
10.0
36.0
33.0
10.0
10.0
16.0
20.0
36.0
33.0
3.0
31.0
33.0
33.0
10.0
33.0
33.0
20.0
37.0
3.0
10.0
20.0
33.0
8.0
31.0
10.0
10.0
10.0
10.0
10.0
10.0
31.0
10.0
10.0
10.0
10.0
10.0
10.0
20.0
20.0
20.0
20.0
31.0
20.0
33.0
20.0
20.0
31.0
3.0
33.0
8.0
31.0
20.0
10.0
10.0
10.0
10.0
10.0
10.0
10.0
10.0
10.0
10.0
10.0
10.0
10.0
10.0
10.0
10.0
10.0
10.0
10.0
10.0
10.0
10.0
10.0
10.0
10.0
10.0
10.0
10.0
10.0
10.0
10.0
10.0
10.0
33.0
10.0
10.0
10.0
10.0
10.0
10.0
33.0
10.0
37.0
33.0
3.0
10.0
10.0
33.0
33.0
10.0
10.0
33.0
31.0
33.0
33.0
10.0
33.0
10.0
10.0
29.0
3.0
31.0
29.0
10.0
10.0
3.0
10.0
10.0
10.0
10.0
8.0
29.0
33.0
10.0
33.0
10.0
10.0
33.0
33.0
36.0
31.0
31.0
10.0
10.0
10.0
10.0
10.0
3.0
10.0
37.0
10.0
36.0
10.0
31.0
10.0
20.0
10.0
20.0
