4.0
36.0
1.0
20.0
10.0
36.0
1.0
1.0
1.0
1.0
36.0
26.0
5.0
20.0
10.0
20.0
20.0
10.0
4.0
4.0
5.0
4.0
10.0
10.0
10.0
10.0
10.0
10.0
10.0
10.0
10.0
4.0
10.0
20.0
20.0
20.0
2.0
4.0
5.0
5.0
4.0
5.0
5.0
20.0
20.0
20.0
4.0
4.0
4.0
4.0
20.0
4.0
26.0
4.0
4.0
10.0
3.0
4.0
10.0
20.0
4.0
36.0
4.0
20.0
20.0
20.0
20.0
10.0
4.0
10.0
36.0
1.0
1.0
36.0
20.0
20.0
20.0
8.0
20.0
10.0
36.0
10.0
36.0
20.0
10.0
4.0
10.0
1.0
10.0
10.0
36.0
10.0
10.0
20.0
20.0
10.0
4.0
10.0
20.0
20.0
10.0
10.0
36.0
10.0
20.0
10.0
4.0
10.0
1.0
10.0
4.0
4.0
4.0
10.0
4.0
10.0
10.0
10.0
10.0
8.0
10.0
1.0
10.0
10.0
10.0
10.0
10.0
10.0
10.0
10.0
10.0
10.0
10.0
10.0
10.0
10.0
10.0
10.0
10.0
10.0
10.0
1.0
36.0
36.0
1.0
1.0
36.0
36.0
36.0
10.0
10.0
36.0
4.0
10.0
1.0
5.0
5.0
36.0
4.0
4.0
36.0
4.0
4.0
10.0
4.0
4.0
5.0
1.0
4.0
10.0
20.0
4.0
8.0
1.0
10.0
10.0
10.0
10.0
10.0
10.0
1.0
10.0
10.0
10.0
10.0
10.0
10.0
20.0
20.0
20.0
20.0
1.0
20.0
4.0
20.0
20.0
1.0
4.0
4.0
2.0
36.0
14.0
10.0
10.0
10.0
10.0
10.0
10.0
10.0
10.0
10.0
10.0
10.0
10.0
10.0
10.0
10.0
10.0
10.0
10.0
10.0
10.0
10.0
10.0
10.0
10.0
10.0
10.0
10.0
10.0
10.0
10.0
10.0
10.0
10.0
4.0
10.0
10.0
10.0
10.0
10.0
10.0
4.0
10.0
1.0
4.0
4.0
10.0
10.0
4.0
4.0
10.0
10.0
4.0
1.0
4.0
4.0
10.0
4.0
10.0
10.0
10.0
4.0
1.0
10.0
10.0
10.0
4.0
10.0
10.0
10.0
10.0
8.0
10.0
4.0
10.0
4.0
10.0
10.0
4.0
4.0
36.0
36.0
36.0
10.0
10.0
10.0
10.0
10.0
4.0
10.0
1.0
10.0
36.0
10.0
36.0
10.0
20.0
10.0
4.0
