33.0
43.0
23.0
20.0
10.0
43.0
43.0
23.0
43.0
43.0
23.0
22.0
20.0
22.0
8.0
20.0
20.0
8.0
33.0
33.0
20.0
20.0
10.0
8.0
10.0
10.0
10.0
10.0
10.0
10.0
10.0
20.0
8.0
20.0
20.0
20.0
22.0
33.0
20.0
16.0
33.0
20.0
20.0
20.0
20.0
20.0
33.0
20.0
33.0
33.0
20.0
2.0
22.0
33.0
33.0
8.0
2.0
33.0
8.0
20.0
33.0
43.0
33.0
20.0
20.0
20.0
20.0
10.0
33.0
10.0
23.0
23.0
23.0
23.0
20.0
20.0
20.0
16.0
20.0
10.0
43.0
10.0
23.0
20.0
10.0
33.0
10.0
23.0
8.0
10.0
43.0
10.0
10.0
20.0
20.0
10.0
33.0
8.0
20.0
20.0
8.0
8.0
43.0
10.0
20.0
8.0
33.0
10.0
37.0
22.0
33.0
33.0
33.0
8.0
33.0
8.0
8.0
10.0
10.0
43.0
10.0
23.0
10.0
10.0
10.0
10.0
10.0
10.0
10.0
10.0
8.0
10.0
10.0
10.0
10.0
10.0
10.0
10.0
10.0
10.0
10.0
23.0
43.0
43.0
23.0
23.0
36.0
43.0
43.0
10.0
37.0
43.0
33.0
10.0
37.0
20.0
20.0
43.0
33.0
33.0
36.0
33.0
33.0
10.0
33.0
33.0
16.0
23.0
2.0
10.0
20.0
33.0
8.0
23.0
10.0
10.0
10.0
10.0
10.0
10.0
23.0
10.0
10.0
10.0
10.0
10.0
10.0
20.0
20.0
20.0
20.0
23.0
20.0
33.0
20.0
20.0
23.0
33.0
33.0
22.0
23.0
43.0
10.0
10.0
10.0
10.0
10.0
10.0
10.0
10.0
10.0
10.0
10.0
10.0
10.0
10.0
10.0
10.0
10.0
10.0
10.0
10.0
10.0
10.0
10.0
10.0
10.0
10.0
10.0
10.0
10.0
10.0
10.0
10.0
10.0
33.0
10.0
10.0
10.0
10.0
10.0
10.0
20.0
10.0
23.0
33.0
33.0
10.0
10.0
33.0
33.0
10.0
10.0
33.0
23.0
33.0
33.0
10.0
33.0
10.0
10.0
8.0
33.0
23.0
22.0
10.0
10.0
2.0
10.0
10.0
10.0
10.0
20.0
8.0
33.0
10.0
20.0
10.0
10.0
20.0
33.0
43.0
23.0
23.0
10.0
10.0
10.0
10.0
10.0
33.0
10.0
37.0
10.0
43.0
10.0
36.0
10.0
20.0
10.0
20.0
