8.0
36.0
36.0
20.0
10.0
36.0
36.0
36.0
36.0
36.0
36.0
22.0
16.0
20.0
22.0
20.0
20.0
22.0
33.0
33.0
16.0
16.0
29.0
29.0
29.0
10.0
10.0
29.0
10.0
10.0
29.0
16.0
22.0
16.0
16.0
16.0
8.0
33.0
16.0
16.0
33.0
16.0
16.0
20.0
20.0
20.0
33.0
16.0
33.0
33.0
16.0
8.0
15.0
33.0
33.0
22.0
8.0
33.0
22.0
16.0
33.0
36.0
33.0
20.0
20.0
20.0
16.0
10.0
33.0
10.0
36.0
36.0
36.0
36.0
16.0
20.0
20.0
8.0
20.0
10.0
16.0
10.0
36.0
20.0
10.0
16.0
10.0
36.0
22.0
29.0
16.0
10.0
10.0
20.0
16.0
10.0
33.0
22.0
20.0
20.0
10.0
22.0
16.0
10.0
20.0
10.0
33.0
29.0
10.0
22.0
33.0
33.0
33.0
22.0
8.0
22.0
22.0
10.0
10.0
8.0
10.0
37.0
10.0
10.0
10.0
10.0
10.0
10.0
10.0
10.0
22.0
10.0
10.0
10.0
10.0
10.0
10.0
10.0
10.0
10.0
10.0
36.0
36.0
16.0
36.0
10.0
36.0
36.0
36.0
10.0
10.0
36.0
33.0
10.0
10.0
16.0
16.0
36.0
33.0
8.0
36.0
33.0
33.0
10.0
33.0
33.0
16.0
10.0
8.0
10.0
16.0
33.0
8.0
36.0
10.0
10.0
10.0
10.0
10.0
10.0
36.0
10.0
10.0
10.0
10.0
10.0
10.0
16.0
16.0
16.0
16.0
36.0
20.0
33.0
20.0
20.0
36.0
8.0
33.0
22.0
36.0
16.0
10.0
10.0
10.0
10.0
10.0
10.0
10.0
10.0
10.0
10.0
10.0
10.0
10.0
10.0
10.0
10.0
10.0
10.0
10.0
10.0
10.0
10.0
10.0
10.0
10.0
10.0
10.0
10.0
10.0
10.0
10.0
10.0
10.0
33.0
10.0
10.0
10.0
10.0
10.0
10.0
16.0
10.0
10.0
16.0
8.0
10.0
10.0
33.0
33.0
10.0
10.0
33.0
37.0
33.0
33.0
10.0
33.0
10.0
10.0
22.0
8.0
36.0
22.0
10.0
10.0
8.0
10.0
10.0
10.0
10.0
16.0
22.0
33.0
10.0
16.0
10.0
10.0
16.0
15.0
36.0
36.0
36.0
10.0
10.0
10.0
10.0
10.0
8.0
10.0
10.0
10.0
36.0
10.0
36.0
10.0
20.0
10.0
16.0
