33.0
43.0
23.0
20.0
10.0
20.0
1.0
23.0
1.0
43.0
23.0
8.0
16.0
8.0
8.0
20.0
20.0
8.0
33.0
33.0
16.0
33.0
8.0
8.0
8.0
10.0
10.0
8.0
10.0
10.0
8.0
16.0
8.0
16.0
16.0
16.0
8.0
33.0
16.0
16.0
33.0
16.0
16.0
20.0
20.0
20.0
33.0
16.0
33.0
33.0
16.0
33.0
15.0
33.0
33.0
8.0
19.0
33.0
8.0
16.0
33.0
43.0
33.0
20.0
20.0
20.0
16.0
10.0
33.0
10.0
23.0
23.0
1.0
1.0
16.0
20.0
20.0
15.0
20.0
10.0
43.0
10.0
23.0
20.0
10.0
33.0
10.0
23.0
8.0
8.0
43.0
10.0
10.0
20.0
16.0
10.0
33.0
8.0
20.0
20.0
8.0
8.0
43.0
10.0
20.0
8.0
33.0
8.0
1.0
8.0
33.0
33.0
33.0
8.0
33.0
8.0
8.0
10.0
10.0
15.0
10.0
1.0
10.0
10.0
10.0
10.0
10.0
10.0
10.0
10.0
8.0
10.0
10.0
10.0
10.0
10.0
10.0
10.0
10.0
10.0
10.0
23.0
43.0
43.0
1.0
1.0
23.0
43.0
43.0
10.0
1.0
43.0
33.0
10.0
1.0
16.0
16.0
43.0
33.0
33.0
23.0
33.0
33.0
10.0
33.0
33.0
16.0
1.0
33.0
10.0
16.0
33.0
8.0
1.0
10.0
10.0
10.0
10.0
10.0
10.0
1.0
10.0
10.0
10.0
10.0
10.0
10.0
16.0
16.0
16.0
16.0
23.0
20.0
33.0
20.0
20.0
1.0
33.0
33.0
8.0
23.0
43.0
10.0
10.0
10.0
10.0
10.0
10.0
10.0
10.0
10.0
10.0
10.0
10.0
10.0
10.0
10.0
10.0
10.0
10.0
10.0
10.0
10.0
10.0
10.0
10.0
10.0
10.0
10.0
10.0
10.0
10.0
10.0
10.0
10.0
33.0
10.0
10.0
10.0
10.0
10.0
10.0
16.0
10.0
1.0
33.0
33.0
10.0
10.0
33.0
33.0
10.0
10.0
33.0
1.0
33.0
33.0
10.0
33.0
10.0
10.0
8.0
33.0
1.0
8.0
10.0
10.0
33.0
10.0
10.0
10.0
10.0
8.0
8.0
33.0
10.0
15.0
10.0
10.0
15.0
33.0
43.0
23.0
23.0
10.0
10.0
10.0
10.0
10.0
33.0
10.0
1.0
10.0
43.0
10.0
23.0
10.0
20.0
10.0
16.0
