4.0
36.0
36.0
4.0
38.0
16.0
36.0
36.0
37.0
36.0
36.0
8.0
16.0
15.0
29.0
16.0
16.0
29.0
4.0
4.0
16.0
4.0
29.0
29.0
29.0
38.0
38.0
29.0
38.0
38.0
29.0
16.0
29.0
16.0
16.0
16.0
8.0
4.0
16.0
16.0
4.0
16.0
16.0
16.0
16.0
16.0
4.0
16.0
4.0
4.0
16.0
15.0
15.0
4.0
4.0
8.0
15.0
4.0
29.0
16.0
4.0
16.0
4.0
16.0
16.0
16.0
16.0
38.0
4.0
38.0
36.0
36.0
36.0
36.0
16.0
16.0
16.0
8.0
16.0
38.0
16.0
38.0
36.0
16.0
38.0
4.0
38.0
36.0
29.0
29.0
16.0
38.0
38.0
16.0
16.0
38.0
4.0
29.0
16.0
16.0
8.0
29.0
16.0
38.0
16.0
8.0
4.0
29.0
37.0
8.0
4.0
4.0
4.0
29.0
4.0
29.0
29.0
38.0
38.0
8.0
10.0
36.0
38.0
38.0
38.0
38.0
38.0
38.0
38.0
38.0
29.0
38.0
38.0
38.0
38.0
38.0
38.0
38.0
38.0
38.0
38.0
36.0
16.0
16.0
36.0
37.0
36.0
36.0
16.0
38.0
37.0
16.0
4.0
38.0
37.0
16.0
16.0
36.0
4.0
4.0
36.0
4.0
4.0
38.0
4.0
4.0
16.0
37.0
15.0
10.0
16.0
4.0
8.0
36.0
38.0
10.0
38.0
38.0
38.0
38.0
36.0
38.0
38.0
38.0
38.0
10.0
38.0
16.0
16.0
16.0
16.0
36.0
16.0
4.0
20.0
16.0
36.0
4.0
4.0
8.0
36.0
16.0
38.0
38.0
38.0
38.0
38.0
38.0
38.0
38.0
38.0
38.0
38.0
38.0
38.0
38.0
38.0
38.0
38.0
38.0
38.0
38.0
38.0
38.0
38.0
38.0
38.0
38.0
10.0
38.0
38.0
38.0
38.0
38.0
38.0
4.0
38.0
38.0
38.0
38.0
38.0
38.0
16.0
38.0
37.0
4.0
4.0
38.0
38.0
4.0
4.0
38.0
38.0
4.0
36.0
4.0
4.0
38.0
4.0
38.0
38.0
29.0
4.0
36.0
8.0
38.0
38.0
4.0
38.0
38.0
38.0
10.0
26.0
8.0
4.0
38.0
4.0
38.0
10.0
4.0
4.0
16.0
36.0
36.0
38.0
38.0
38.0
38.0
38.0
4.0
38.0
37.0
38.0
36.0
38.0
36.0
38.0
15.0
38.0
16.0
