33.0
43.0
23.0
4.0
10.0
23.0
23.0
23.0
23.0
1.0
23.0
22.0
16.0
20.0
10.0
20.0
20.0
10.0
33.0
33.0
16.0
33.0
29.0
10.0
29.0
10.0
10.0
29.0
10.0
10.0
29.0
33.0
10.0
16.0
16.0
16.0
22.0
33.0
16.0
33.0
33.0
16.0
16.0
20.0
20.0
20.0
33.0
33.0
33.0
33.0
33.0
33.0
26.0
33.0
33.0
10.0
33.0
33.0
10.0
16.0
33.0
16.0
33.0
20.0
20.0
20.0
4.0
10.0
33.0
10.0
23.0
23.0
23.0
23.0
20.0
20.0
20.0
19.0
20.0
10.0
16.0
10.0
23.0
20.0
10.0
33.0
10.0
23.0
10.0
29.0
16.0
10.0
10.0
20.0
4.0
10.0
33.0
10.0
20.0
20.0
10.0
10.0
16.0
10.0
20.0
10.0
33.0
10.0
23.0
22.0
33.0
33.0
33.0
10.0
33.0
10.0
10.0
10.0
10.0
19.0
10.0
23.0
10.0
10.0
10.0
10.0
10.0
10.0
10.0
10.0
10.0
10.0
10.0
10.0
10.0
10.0
10.0
10.0
10.0
10.0
10.0
23.0
16.0
43.0
23.0
23.0
23.0
1.0
16.0
10.0
10.0
16.0
33.0
10.0
23.0
16.0
16.0
16.0
33.0
33.0
23.0
33.0
33.0
10.0
33.0
33.0
16.0
23.0
33.0
10.0
16.0
33.0
8.0
23.0
10.0
10.0
10.0
10.0
10.0
10.0
23.0
10.0
10.0
10.0
10.0
10.0
10.0
16.0
16.0
16.0
16.0
23.0
16.0
33.0
20.0
20.0
23.0
33.0
33.0
22.0
23.0
16.0
10.0
10.0
10.0
10.0
10.0
10.0
10.0
10.0
10.0
10.0
10.0
10.0
10.0
10.0
10.0
10.0
10.0
10.0
10.0
10.0
10.0
10.0
10.0
10.0
10.0
10.0
10.0
10.0
10.0
10.0
10.0
10.0
10.0
33.0
10.0
10.0
10.0
10.0
10.0
10.0
33.0
10.0
23.0
33.0
33.0
10.0
10.0
33.0
33.0
10.0
10.0
33.0
23.0
33.0
33.0
10.0
33.0
10.0
10.0
10.0
33.0
23.0
10.0
10.0
10.0
33.0
10.0
10.0
10.0
10.0
8.0
10.0
33.0
10.0
33.0
10.0
10.0
33.0
33.0
16.0
23.0
23.0
10.0
10.0
10.0
10.0
10.0
33.0
10.0
23.0
10.0
1.0
10.0
23.0
10.0
26.0
10.0
33.0
