4.0
36.0
1.0
20.0
10.0
36.0
1.0
1.0
1.0
1.0
1.0
8.0
16.0
8.0
8.0
20.0
20.0
8.0
4.0
4.0
16.0
4.0
29.0
8.0
29.0
10.0
10.0
29.0
10.0
10.0
8.0
20.0
8.0
16.0
16.0
20.0
8.0
4.0
16.0
4.0
4.0
16.0
16.0
20.0
20.0
20.0
4.0
20.0
4.0
4.0
20.0
15.0
15.0
4.0
4.0
8.0
2.0
4.0
8.0
16.0
4.0
36.0
4.0
20.0
20.0
20.0
20.0
10.0
4.0
10.0
36.0
1.0
1.0
1.0
20.0
20.0
20.0
3.0
20.0
10.0
16.0
10.0
36.0
20.0
10.0
4.0
10.0
1.0
8.0
29.0
16.0
10.0
10.0
20.0
20.0
10.0
4.0
8.0
20.0
20.0
29.0
8.0
16.0
10.0
20.0
29.0
4.0
8.0
1.0
8.0
4.0
4.0
4.0
8.0
4.0
8.0
8.0
10.0
10.0
3.0
10.0
1.0
10.0
10.0
10.0
10.0
10.0
10.0
10.0
10.0
8.0
10.0
10.0
10.0
10.0
10.0
10.0
10.0
10.0
10.0
10.0
1.0
36.0
16.0
1.0
1.0
36.0
36.0
36.0
10.0
1.0
36.0
4.0
10.0
1.0
4.0
16.0
36.0
4.0
4.0
36.0
4.0
4.0
10.0
4.0
4.0
16.0
1.0
4.0
10.0
16.0
4.0
19.0
1.0
10.0
10.0
10.0
10.0
10.0
10.0
1.0
10.0
10.0
10.0
10.0
10.0
10.0
20.0
20.0
20.0
20.0
1.0
20.0
4.0
20.0
20.0
1.0
4.0
4.0
8.0
1.0
16.0
10.0
10.0
10.0
10.0
10.0
10.0
10.0
10.0
10.0
10.0
10.0
10.0
10.0
10.0
10.0
10.0
10.0
10.0
10.0
10.0
10.0
10.0
10.0
10.0
10.0
10.0
10.0
10.0
10.0
10.0
10.0
10.0
10.0
4.0
10.0
10.0
10.0
10.0
10.0
10.0
4.0
10.0
1.0
4.0
4.0
10.0
10.0
4.0
4.0
10.0
10.0
4.0
1.0
4.0
4.0
10.0
4.0
10.0
10.0
8.0
4.0
1.0
8.0
10.0
10.0
4.0
10.0
10.0
10.0
10.0
20.0
8.0
4.0
10.0
4.0
10.0
10.0
4.0
4.0
36.0
36.0
36.0
10.0
10.0
10.0
10.0
10.0
4.0
10.0
1.0
10.0
36.0
10.0
36.0
10.0
20.0
10.0
20.0
