4.0
1.0
1.0
4.0
10.0
20.0
1.0
1.0
1.0
20.0
1.0
22.0
20.0
20.0
22.0
20.0
20.0
2.0
4.0
4.0
20.0
4.0
10.0
10.0
10.0
10.0
10.0
10.0
10.0
10.0
10.0
4.0
2.0
20.0
20.0
20.0
22.0
4.0
20.0
4.0
4.0
20.0
20.0
20.0
20.0
20.0
4.0
4.0
4.0
4.0
4.0
2.0
22.0
4.0
4.0
22.0
2.0
4.0
2.0
20.0
4.0
14.0
4.0
4.0
20.0
20.0
4.0
10.0
4.0
10.0
1.0
1.0
1.0
1.0
20.0
20.0
20.0
3.0
20.0
10.0
20.0
10.0
1.0
4.0
10.0
4.0
10.0
1.0
2.0
10.0
20.0
10.0
10.0
20.0
4.0
10.0
4.0
2.0
20.0
20.0
10.0
2.0
20.0
10.0
20.0
10.0
4.0
10.0
1.0
22.0
4.0
4.0
4.0
22.0
4.0
2.0
22.0
10.0
10.0
3.0
10.0
1.0
10.0
10.0
10.0
10.0
10.0
10.0
10.0
10.0
2.0
10.0
10.0
10.0
10.0
10.0
10.0
10.0
10.0
10.0
10.0
1.0
14.0
20.0
1.0
1.0
1.0
14.0
14.0
10.0
10.0
14.0
4.0
10.0
1.0
4.0
20.0
14.0
4.0
4.0
1.0
4.0
4.0
10.0
4.0
4.0
20.0
1.0
2.0
10.0
20.0
4.0
19.0
1.0
10.0
10.0
10.0
10.0
10.0
10.0
1.0
10.0
10.0
10.0
10.0
10.0
10.0
20.0
20.0
20.0
20.0
1.0
20.0
4.0
20.0
20.0
1.0
4.0
4.0
22.0
1.0
20.0
10.0
10.0
10.0
10.0
10.0
10.0
10.0
10.0
10.0
10.0
10.0
10.0
10.0
10.0
10.0
10.0
10.0
10.0
10.0
10.0
10.0
10.0
10.0
10.0
10.0
10.0
10.0
10.0
10.0
10.0
10.0
10.0
10.0
4.0
10.0
10.0
10.0
10.0
10.0
10.0
4.0
10.0
1.0
4.0
4.0
10.0
10.0
4.0
4.0
10.0
10.0
4.0
1.0
4.0
4.0
10.0
4.0
10.0
10.0
22.0
4.0
1.0
22.0
10.0
10.0
3.0
10.0
10.0
10.0
10.0
20.0
22.0
4.0
10.0
4.0
10.0
10.0
4.0
4.0
20.0
1.0
1.0
10.0
10.0
10.0
10.0
10.0
4.0
10.0
1.0
10.0
14.0
10.0
1.0
10.0
20.0
10.0
4.0
