2.0
6.0
1.0
20.0
10.0
16.0
1.0
1.0
37.0
17.0
23.0
26.0
16.0
26.0
8.0
20.0
16.0
8.0
33.0
33.0
16.0
33.0
8.0
8.0
8.0
10.0
10.0
8.0
10.0
10.0
8.0
16.0
8.0
16.0
16.0
16.0
2.0
33.0
16.0
16.0
33.0
16.0
16.0
20.0
16.0
20.0
2.0
16.0
33.0
33.0
33.0
2.0
26.0
33.0
33.0
8.0
2.0
33.0
8.0
16.0
33.0
16.0
33.0
20.0
16.0
16.0
16.0
10.0
33.0
10.0
1.0
1.0
1.0
1.0
16.0
16.0
20.0
4.0
16.0
10.0
16.0
10.0
1.0
20.0
10.0
33.0
10.0
1.0
8.0
8.0
16.0
10.0
10.0
20.0
16.0
10.0
2.0
8.0
20.0
20.0
10.0
8.0
16.0
10.0
20.0
10.0
2.0
8.0
37.0
8.0
33.0
2.0
2.0
8.0
2.0
8.0
8.0
10.0
10.0
3.0
10.0
1.0
10.0
10.0
10.0
10.0
10.0
10.0
10.0
10.0
8.0
10.0
10.0
10.0
10.0
10.0
10.0
10.0
10.0
10.0
10.0
1.0
6.0
16.0
1.0
37.0
31.0
6.0
16.0
10.0
10.0
16.0
33.0
10.0
37.0
16.0
16.0
6.0
33.0
33.0
31.0
33.0
2.0
10.0
2.0
2.0
16.0
37.0
2.0
10.0
16.0
33.0
8.0
1.0
10.0
10.0
10.0
10.0
10.0
10.0
1.0
10.0
10.0
10.0
10.0
10.0
10.0
16.0
16.0
16.0
16.0
1.0
16.0
33.0
20.0
20.0
1.0
2.0
2.0
2.0
1.0
16.0
10.0
10.0
10.0
10.0
10.0
10.0
10.0
10.0
10.0
10.0
10.0
10.0
10.0
10.0
10.0
10.0
10.0
10.0
10.0
10.0
10.0
10.0
10.0
10.0
10.0
10.0
10.0
10.0
10.0
10.0
10.0
10.0
10.0
33.0
10.0
10.0
10.0
10.0
10.0
10.0
16.0
10.0
37.0
33.0
2.0
10.0
10.0
33.0
33.0
10.0
10.0
33.0
37.0
33.0
33.0
10.0
33.0
10.0
10.0
8.0
2.0
1.0
8.0
10.0
10.0
2.0
10.0
10.0
10.0
10.0
16.0
8.0
33.0
10.0
33.0
10.0
10.0
33.0
33.0
16.0
31.0
1.0
10.0
10.0
10.0
10.0
10.0
33.0
10.0
37.0
10.0
6.0
10.0
31.0
10.0
26.0
10.0
16.0
