2.0
36.0
36.0
20.0
10.0
36.0
36.0
36.0
1.0
36.0
36.0
2.0
16.0
26.0
2.0
20.0
20.0
2.0
33.0
33.0
16.0
20.0
29.0
29.0
29.0
10.0
10.0
29.0
10.0
10.0
29.0
16.0
2.0
16.0
16.0
16.0
22.0
33.0
16.0
16.0
33.0
16.0
16.0
16.0
20.0
20.0
33.0
16.0
33.0
33.0
16.0
2.0
26.0
33.0
33.0
2.0
2.0
33.0
2.0
16.0
33.0
36.0
33.0
20.0
20.0
16.0
16.0
10.0
33.0
10.0
36.0
36.0
36.0
36.0
16.0
16.0
20.0
8.0
20.0
10.0
16.0
10.0
36.0
16.0
10.0
16.0
10.0
36.0
2.0
29.0
43.0
10.0
10.0
20.0
16.0
10.0
2.0
2.0
20.0
20.0
8.0
2.0
16.0
10.0
20.0
8.0
2.0
2.0
1.0
22.0
33.0
33.0
2.0
2.0
2.0
2.0
2.0
10.0
10.0
8.0
10.0
1.0
10.0
10.0
10.0
10.0
10.0
10.0
10.0
10.0
2.0
10.0
10.0
10.0
10.0
10.0
10.0
10.0
10.0
10.0
10.0
36.0
36.0
43.0
36.0
1.0
36.0
36.0
36.0
10.0
10.0
36.0
33.0
10.0
1.0
16.0
16.0
36.0
33.0
33.0
36.0
33.0
33.0
10.0
33.0
33.0
16.0
1.0
2.0
10.0
16.0
33.0
8.0
36.0
10.0
10.0
10.0
10.0
10.0
10.0
36.0
10.0
10.0
10.0
10.0
10.0
10.0
16.0
16.0
16.0
16.0
36.0
16.0
33.0
20.0
20.0
36.0
2.0
33.0
22.0
36.0
16.0
10.0
10.0
10.0
10.0
10.0
10.0
10.0
10.0
10.0
10.0
10.0
10.0
10.0
10.0
10.0
10.0
10.0
10.0
10.0
10.0
10.0
10.0
10.0
10.0
10.0
10.0
10.0
10.0
10.0
10.0
10.0
10.0
10.0
33.0
10.0
10.0
10.0
10.0
10.0
10.0
16.0
10.0
1.0
33.0
2.0
10.0
10.0
33.0
33.0
10.0
10.0
33.0
1.0
33.0
33.0
10.0
33.0
10.0
10.0
2.0
2.0
36.0
22.0
10.0
10.0
2.0
10.0
10.0
10.0
10.0
8.0
2.0
33.0
10.0
16.0
10.0
10.0
16.0
33.0
36.0
36.0
36.0
10.0
10.0
10.0
10.0
10.0
2.0
10.0
1.0
10.0
36.0
10.0
36.0
10.0
26.0
10.0
16.0
