33.0
36.0
36.0
20.0
10.0
36.0
36.0
36.0
36.0
36.0
36.0
8.0
16.0
20.0
8.0
20.0
20.0
8.0
33.0
33.0
16.0
20.0
39.0
8.0
39.0
10.0
10.0
39.0
10.0
10.0
8.0
20.0
8.0
16.0
16.0
20.0
8.0
33.0
16.0
33.0
33.0
16.0
16.0
20.0
20.0
20.0
33.0
20.0
33.0
33.0
20.0
15.0
15.0
33.0
33.0
8.0
8.0
33.0
8.0
16.0
33.0
36.0
33.0
20.0
20.0
20.0
20.0
10.0
33.0
10.0
36.0
36.0
36.0
36.0
20.0
20.0
20.0
3.0
20.0
10.0
16.0
10.0
36.0
20.0
10.0
33.0
10.0
36.0
8.0
39.0
36.0
10.0
10.0
20.0
20.0
10.0
33.0
8.0
20.0
20.0
8.0
8.0
16.0
10.0
20.0
8.0
33.0
8.0
37.0
8.0
33.0
33.0
33.0
8.0
33.0
8.0
8.0
10.0
10.0
3.0
10.0
36.0
10.0
10.0
10.0
10.0
10.0
10.0
10.0
10.0
8.0
10.0
10.0
10.0
10.0
10.0
10.0
10.0
10.0
10.0
10.0
36.0
36.0
16.0
36.0
23.0
36.0
36.0
36.0
10.0
37.0
36.0
33.0
10.0
37.0
20.0
16.0
36.0
33.0
33.0
36.0
33.0
33.0
10.0
33.0
33.0
16.0
23.0
15.0
10.0
16.0
33.0
8.0
36.0
10.0
10.0
10.0
10.0
10.0
10.0
36.0
10.0
10.0
10.0
10.0
10.0
10.0
20.0
20.0
20.0
20.0
36.0
20.0
33.0
20.0
20.0
36.0
33.0
33.0
8.0
36.0
16.0
10.0
10.0
10.0
10.0
10.0
10.0
10.0
10.0
10.0
10.0
10.0
10.0
10.0
10.0
10.0
10.0
10.0
10.0
10.0
10.0
10.0
10.0
10.0
10.0
10.0
10.0
10.0
10.0
10.0
10.0
10.0
10.0
10.0
33.0
10.0
10.0
10.0
10.0
10.0
10.0
20.0
10.0
1.0
33.0
33.0
10.0
10.0
33.0
33.0
10.0
10.0
33.0
1.0
33.0
33.0
10.0
33.0
10.0
10.0
8.0
33.0
36.0
8.0
10.0
10.0
33.0
10.0
10.0
10.0
10.0
20.0
8.0
33.0
10.0
20.0
10.0
10.0
20.0
15.0
36.0
36.0
36.0
10.0
10.0
10.0
10.0
10.0
15.0
10.0
37.0
10.0
36.0
10.0
36.0
10.0
20.0
10.0
20.0
