33.0
43.0
36.0
4.0
10.0
43.0
37.0
23.0
37.0
37.0
23.0
22.0
16.0
22.0
22.0
20.0
20.0
22.0
4.0
4.0
16.0
4.0
10.0
10.0
10.0
10.0
10.0
10.0
10.0
10.0
10.0
4.0
22.0
16.0
16.0
16.0
22.0
4.0
16.0
4.0
4.0
16.0
16.0
20.0
20.0
20.0
33.0
4.0
33.0
33.0
4.0
2.0
26.0
33.0
33.0
22.0
2.0
33.0
22.0
16.0
33.0
43.0
33.0
20.0
20.0
20.0
4.0
10.0
33.0
10.0
36.0
23.0
36.0
36.0
20.0
20.0
20.0
4.0
20.0
10.0
43.0
10.0
23.0
20.0
10.0
4.0
10.0
36.0
22.0
10.0
43.0
10.0
10.0
20.0
4.0
10.0
33.0
22.0
20.0
20.0
10.0
22.0
43.0
10.0
20.0
10.0
33.0
22.0
37.0
22.0
33.0
33.0
33.0
22.0
33.0
22.0
22.0
10.0
10.0
3.0
10.0
23.0
10.0
10.0
10.0
10.0
10.0
10.0
10.0
10.0
22.0
10.0
10.0
10.0
10.0
10.0
10.0
10.0
10.0
10.0
10.0
36.0
43.0
43.0
23.0
37.0
36.0
43.0
43.0
10.0
10.0
43.0
4.0
10.0
37.0
4.0
16.0
43.0
33.0
33.0
36.0
33.0
33.0
10.0
33.0
33.0
16.0
37.0
4.0
10.0
16.0
33.0
10.0
23.0
10.0
10.0
10.0
10.0
10.0
10.0
36.0
10.0
10.0
10.0
10.0
10.0
10.0
20.0
20.0
20.0
20.0
23.0
20.0
4.0
20.0
20.0
23.0
33.0
33.0
22.0
23.0
43.0
10.0
10.0
10.0
10.0
10.0
10.0
10.0
10.0
10.0
10.0
10.0
10.0
10.0
10.0
10.0
10.0
10.0
10.0
10.0
10.0
10.0
10.0
10.0
10.0
10.0
10.0
10.0
10.0
10.0
10.0
10.0
10.0
10.0
33.0
10.0
10.0
10.0
10.0
10.0
10.0
4.0
10.0
23.0
4.0
33.0
10.0
10.0
33.0
33.0
10.0
10.0
33.0
36.0
4.0
4.0
10.0
33.0
10.0
10.0
22.0
33.0
23.0
22.0
10.0
10.0
33.0
10.0
10.0
10.0
10.0
26.0
22.0
33.0
10.0
4.0
10.0
10.0
4.0
4.0
43.0
23.0
23.0
10.0
10.0
10.0
10.0
10.0
4.0
10.0
37.0
10.0
43.0
10.0
36.0
10.0
26.0
10.0
4.0
