15.0
36.0
23.0
15.0
10.0
20.0
8.0
23.0
8.0
20.0
23.0
2.0
20.0
20.0
2.0
20.0
20.0
29.0
15.0
15.0
20.0
15.0
29.0
29.0
29.0
10.0
10.0
29.0
10.0
10.0
29.0
15.0
2.0
20.0
20.0
15.0
2.0
15.0
15.0
15.0
15.0
15.0
15.0
20.0
20.0
20.0
15.0
15.0
15.0
15.0
15.0
15.0
15.0
15.0
15.0
2.0
15.0
15.0
29.0
15.0
15.0
20.0
15.0
20.0
20.0
20.0
15.0
10.0
15.0
10.0
23.0
23.0
23.0
23.0
20.0
20.0
20.0
8.0
20.0
10.0
20.0
10.0
23.0
20.0
10.0
15.0
10.0
23.0
29.0
29.0
20.0
10.0
10.0
20.0
15.0
10.0
15.0
2.0
20.0
20.0
29.0
2.0
20.0
10.0
20.0
29.0
15.0
29.0
37.0
2.0
15.0
15.0
15.0
29.0
15.0
29.0
2.0
10.0
10.0
3.0
10.0
23.0
10.0
10.0
10.0
10.0
10.0
10.0
10.0
10.0
2.0
10.0
10.0
10.0
10.0
10.0
10.0
10.0
10.0
10.0
10.0
23.0
20.0
20.0
23.0
37.0
23.0
36.0
20.0
10.0
37.0
20.0
15.0
10.0
37.0
15.0
15.0
20.0
15.0
15.0
23.0
15.0
15.0
10.0
15.0
15.0
20.0
37.0
15.0
10.0
15.0
15.0
8.0
23.0
10.0
10.0
10.0
10.0
10.0
10.0
23.0
10.0
10.0
10.0
10.0
10.0
10.0
20.0
20.0
20.0
20.0
23.0
20.0
15.0
20.0
20.0
23.0
15.0
15.0
2.0
23.0
15.0
10.0
10.0
10.0
10.0
10.0
10.0
10.0
10.0
10.0
10.0
10.0
10.0
10.0
10.0
10.0
10.0
10.0
10.0
10.0
10.0
10.0
10.0
10.0
10.0
10.0
10.0
10.0
10.0
10.0
10.0
10.0
10.0
10.0
15.0
10.0
10.0
10.0
10.0
10.0
10.0
15.0
10.0
37.0
15.0
15.0
10.0
10.0
15.0
15.0
10.0
10.0
15.0
37.0
15.0
15.0
10.0
15.0
10.0
10.0
2.0
15.0
23.0
2.0
10.0
10.0
15.0
10.0
10.0
10.0
10.0
8.0
2.0
15.0
10.0
15.0
10.0
10.0
15.0
15.0
20.0
23.0
23.0
10.0
10.0
10.0
10.0
10.0
15.0
10.0
37.0
10.0
36.0
10.0
23.0
10.0
20.0
10.0
15.0
