15.0
36.0
36.0
20.0
10.0
20.0
36.0
36.0
36.0
20.0
36.0
22.0
20.0
26.0
22.0
20.0
20.0
22.0
15.0
15.0
20.0
15.0
8.0
8.0
29.0
10.0
10.0
8.0
10.0
10.0
8.0
20.0
22.0
20.0
20.0
20.0
22.0
15.0
20.0
15.0
15.0
20.0
20.0
20.0
20.0
20.0
33.0
20.0
15.0
15.0
20.0
15.0
15.0
33.0
33.0
22.0
15.0
15.0
22.0
20.0
15.0
36.0
15.0
20.0
20.0
20.0
20.0
10.0
15.0
10.0
36.0
36.0
36.0
36.0
20.0
20.0
20.0
8.0
20.0
10.0
20.0
10.0
36.0
20.0
10.0
15.0
10.0
36.0
22.0
10.0
36.0
10.0
10.0
20.0
20.0
10.0
33.0
22.0
20.0
20.0
8.0
22.0
36.0
10.0
20.0
8.0
33.0
22.0
8.0
22.0
15.0
15.0
33.0
22.0
33.0
22.0
22.0
10.0
10.0
8.0
10.0
1.0
10.0
10.0
10.0
10.0
10.0
10.0
10.0
10.0
22.0
10.0
10.0
10.0
10.0
10.0
10.0
10.0
10.0
10.0
10.0
36.0
36.0
36.0
1.0
8.0
36.0
36.0
36.0
10.0
10.0
36.0
15.0
10.0
10.0
20.0
20.0
36.0
15.0
15.0
36.0
33.0
33.0
10.0
33.0
33.0
20.0
8.0
15.0
10.0
20.0
33.0
8.0
36.0
10.0
10.0
10.0
10.0
10.0
10.0
36.0
10.0
10.0
10.0
10.0
10.0
10.0
20.0
20.0
20.0
20.0
36.0
20.0
15.0
20.0
20.0
1.0
15.0
33.0
22.0
36.0
43.0
10.0
10.0
10.0
10.0
10.0
10.0
10.0
10.0
10.0
10.0
10.0
10.0
10.0
10.0
10.0
10.0
10.0
10.0
10.0
10.0
10.0
10.0
10.0
10.0
10.0
10.0
10.0
10.0
10.0
10.0
10.0
10.0
10.0
15.0
10.0
10.0
10.0
10.0
10.0
10.0
15.0
10.0
8.0
15.0
15.0
10.0
10.0
15.0
15.0
10.0
10.0
15.0
1.0
15.0
15.0
10.0
15.0
10.0
10.0
22.0
15.0
36.0
22.0
10.0
10.0
15.0
10.0
10.0
10.0
10.0
20.0
22.0
15.0
10.0
15.0
10.0
10.0
15.0
15.0
36.0
36.0
36.0
10.0
10.0
10.0
10.0
10.0
15.0
10.0
10.0
10.0
36.0
10.0
36.0
10.0
20.0
10.0
20.0
