2.0
43.0
34.0
20.0
10.0
34.0
37.0
34.0
37.0
37.0
34.0
2.0
16.0
2.0
2.0
20.0
16.0
2.0
4.0
4.0
16.0
4.0
10.0
10.0
10.0
10.0
10.0
10.0
10.0
10.0
10.0
16.0
2.0
16.0
16.0
16.0
2.0
4.0
16.0
16.0
4.0
16.0
16.0
16.0
16.0
16.0
4.0
16.0
4.0
4.0
16.0
2.0
2.0
4.0
4.0
2.0
2.0
4.0
2.0
16.0
4.0
16.0
4.0
16.0
16.0
16.0
16.0
10.0
4.0
10.0
34.0
34.0
34.0
34.0
16.0
16.0
20.0
4.0
16.0
10.0
16.0
10.0
34.0
16.0
10.0
4.0
10.0
34.0
2.0
10.0
16.0
10.0
10.0
20.0
16.0
10.0
2.0
2.0
16.0
20.0
8.0
2.0
16.0
10.0
16.0
8.0
2.0
10.0
37.0
2.0
4.0
4.0
2.0
2.0
2.0
2.0
2.0
10.0
10.0
34.0
10.0
37.0
10.0
10.0
10.0
10.0
10.0
10.0
10.0
10.0
2.0
10.0
10.0
10.0
10.0
10.0
10.0
10.0
10.0
10.0
10.0
34.0
16.0
16.0
37.0
37.0
34.0
43.0
16.0
10.0
10.0
16.0
4.0
10.0
10.0
16.0
16.0
43.0
4.0
4.0
34.0
4.0
4.0
10.0
4.0
4.0
16.0
37.0
2.0
10.0
16.0
4.0
8.0
34.0
10.0
10.0
10.0
10.0
10.0
10.0
34.0
10.0
10.0
10.0
10.0
10.0
10.0
16.0
16.0
16.0
16.0
34.0
16.0
4.0
20.0
16.0
37.0
2.0
4.0
2.0
34.0
16.0
10.0
10.0
10.0
10.0
10.0
10.0
10.0
10.0
10.0
10.0
10.0
10.0
10.0
10.0
10.0
10.0
10.0
10.0
10.0
10.0
10.0
10.0
10.0
10.0
10.0
10.0
10.0
10.0
10.0
10.0
10.0
10.0
10.0
4.0
10.0
10.0
10.0
10.0
10.0
10.0
16.0
10.0
37.0
4.0
2.0
10.0
10.0
4.0
4.0
10.0
10.0
4.0
37.0
4.0
4.0
10.0
4.0
10.0
10.0
2.0
2.0
34.0
2.0
10.0
10.0
2.0
10.0
10.0
10.0
10.0
20.0
2.0
4.0
10.0
4.0
10.0
10.0
4.0
4.0
16.0
34.0
34.0
10.0
10.0
10.0
10.0
10.0
2.0
10.0
10.0
10.0
34.0
10.0
34.0
10.0
20.0
10.0
16.0
