4.0
34.0
36.0
20.0
10.0
43.0
43.0
36.0
17.0
43.0
36.0
2.0
20.0
20.0
2.0
20.0
20.0
2.0
4.0
4.0
20.0
4.0
10.0
10.0
10.0
10.0
10.0
10.0
10.0
10.0
10.0
20.0
2.0
20.0
20.0
20.0
8.0
4.0
20.0
4.0
4.0
20.0
20.0
20.0
20.0
20.0
4.0
20.0
4.0
4.0
20.0
8.0
8.0
4.0
4.0
2.0
8.0
4.0
2.0
20.0
4.0
43.0
4.0
20.0
20.0
20.0
20.0
10.0
4.0
10.0
36.0
36.0
36.0
36.0
20.0
20.0
20.0
8.0
20.0
10.0
20.0
10.0
36.0
20.0
10.0
4.0
10.0
36.0
2.0
10.0
20.0
10.0
10.0
20.0
20.0
10.0
4.0
2.0
20.0
20.0
10.0
2.0
20.0
10.0
20.0
10.0
4.0
10.0
17.0
2.0
4.0
4.0
4.0
2.0
4.0
2.0
2.0
10.0
10.0
8.0
10.0
36.0
10.0
10.0
10.0
10.0
10.0
10.0
10.0
10.0
2.0
10.0
10.0
10.0
10.0
10.0
10.0
10.0
10.0
10.0
10.0
36.0
34.0
20.0
36.0
17.0
36.0
34.0
20.0
10.0
10.0
43.0
4.0
10.0
17.0
4.0
20.0
34.0
4.0
4.0
36.0
4.0
4.0
10.0
4.0
4.0
20.0
17.0
8.0
10.0
20.0
4.0
10.0
36.0
10.0
10.0
10.0
10.0
10.0
10.0
36.0
10.0
10.0
10.0
10.0
10.0
10.0
20.0
20.0
20.0
20.0
36.0
20.0
4.0
20.0
20.0
36.0
4.0
4.0
2.0
36.0
20.0
10.0
10.0
10.0
10.0
10.0
10.0
10.0
10.0
10.0
10.0
10.0
10.0
10.0
10.0
10.0
10.0
10.0
10.0
10.0
10.0
10.0
10.0
10.0
10.0
10.0
10.0
10.0
10.0
10.0
10.0
10.0
10.0
10.0
4.0
10.0
10.0
10.0
10.0
10.0
10.0
4.0
10.0
17.0
4.0
4.0
10.0
10.0
4.0
4.0
10.0
10.0
4.0
36.0
4.0
4.0
10.0
4.0
10.0
10.0
2.0
4.0
36.0
2.0
10.0
10.0
4.0
10.0
10.0
10.0
10.0
20.0
2.0
4.0
10.0
4.0
10.0
10.0
4.0
4.0
20.0
36.0
36.0
10.0
10.0
10.0
10.0
10.0
4.0
10.0
17.0
10.0
34.0
10.0
36.0
10.0
20.0
10.0
20.0
