4.0
43.0
36.0
20.0
10.0
43.0
43.0
36.0
1.0
43.0
43.0
22.0
20.0
20.0
22.0
20.0
20.0
22.0
4.0
4.0
20.0
4.0
39.0
39.0
39.0
10.0
10.0
39.0
10.0
10.0
39.0
20.0
22.0
20.0
20.0
20.0
22.0
4.0
20.0
15.0
15.0
20.0
20.0
20.0
20.0
20.0
4.0
20.0
4.0
4.0
20.0
4.0
26.0
4.0
4.0
22.0
2.0
4.0
22.0
20.0
4.0
43.0
4.0
20.0
20.0
20.0
20.0
10.0
4.0
10.0
36.0
1.0
1.0
36.0
20.0
20.0
20.0
43.0
20.0
10.0
43.0
10.0
43.0
20.0
10.0
4.0
10.0
36.0
22.0
39.0
43.0
10.0
10.0
20.0
20.0
10.0
4.0
22.0
20.0
20.0
39.0
22.0
43.0
10.0
20.0
39.0
4.0
39.0
1.0
22.0
4.0
4.0
4.0
22.0
4.0
22.0
22.0
10.0
10.0
43.0
10.0
1.0
10.0
10.0
10.0
10.0
10.0
10.0
10.0
10.0
22.0
10.0
10.0
10.0
10.0
10.0
10.0
10.0
10.0
10.0
10.0
36.0
43.0
43.0
1.0
1.0
43.0
43.0
43.0
10.0
1.0
43.0
15.0
10.0
1.0
20.0
20.0
43.0
4.0
4.0
43.0
4.0
4.0
10.0
4.0
4.0
43.0
1.0
4.0
10.0
20.0
4.0
8.0
1.0
10.0
10.0
10.0
10.0
10.0
10.0
1.0
10.0
10.0
10.0
10.0
10.0
10.0
20.0
20.0
20.0
20.0
1.0
20.0
4.0
20.0
20.0
1.0
4.0
4.0
22.0
36.0
43.0
10.0
10.0
10.0
10.0
10.0
10.0
10.0
10.0
10.0
10.0
10.0
10.0
10.0
10.0
10.0
10.0
10.0
10.0
10.0
10.0
10.0
10.0
10.0
10.0
10.0
10.0
10.0
10.0
10.0
10.0
10.0
10.0
10.0
4.0
10.0
10.0
10.0
10.0
10.0
10.0
20.0
10.0
1.0
4.0
4.0
10.0
10.0
4.0
4.0
10.0
10.0
4.0
1.0
4.0
4.0
10.0
4.0
10.0
10.0
22.0
4.0
1.0
22.0
10.0
10.0
4.0
10.0
10.0
10.0
10.0
20.0
22.0
4.0
10.0
20.0
10.0
10.0
20.0
4.0
43.0
36.0
36.0
10.0
10.0
10.0
10.0
10.0
4.0
10.0
1.0
10.0
43.0
10.0
36.0
10.0
20.0
10.0
20.0
