2.0
43.0
1.0
20.0
10.0
43.0
43.0
1.0
37.0
43.0
1.0
2.0
20.0
26.0
2.0
20.0
20.0
2.0
4.0
4.0
20.0
4.0
8.0
8.0
8.0
10.0
10.0
8.0
10.0
10.0
8.0
4.0
2.0
20.0
20.0
20.0
2.0
4.0
16.0
4.0
4.0
16.0
16.0
20.0
20.0
20.0
4.0
4.0
4.0
4.0
4.0
2.0
26.0
4.0
4.0
2.0
2.0
4.0
2.0
20.0
4.0
43.0
4.0
20.0
20.0
20.0
20.0
10.0
4.0
10.0
1.0
1.0
1.0
1.0
20.0
20.0
20.0
4.0
20.0
10.0
43.0
10.0
43.0
20.0
10.0
4.0
10.0
1.0
8.0
8.0
43.0
10.0
10.0
20.0
4.0
10.0
2.0
2.0
20.0
20.0
8.0
2.0
43.0
10.0
20.0
8.0
2.0
8.0
37.0
2.0
4.0
4.0
2.0
2.0
2.0
2.0
2.0
10.0
10.0
43.0
10.0
1.0
10.0
10.0
10.0
10.0
10.0
10.0
10.0
10.0
2.0
10.0
10.0
10.0
10.0
10.0
10.0
10.0
10.0
10.0
10.0
1.0
43.0
43.0
1.0
1.0
36.0
43.0
43.0
10.0
37.0
43.0
4.0
10.0
1.0
4.0
16.0
43.0
4.0
4.0
36.0
4.0
4.0
10.0
4.0
4.0
43.0
1.0
4.0
10.0
16.0
4.0
26.0
1.0
10.0
10.0
10.0
10.0
10.0
10.0
1.0
10.0
10.0
10.0
10.0
10.0
10.0
20.0
20.0
20.0
20.0
1.0
20.0
4.0
20.0
20.0
1.0
2.0
4.0
2.0
1.0
43.0
10.0
10.0
10.0
10.0
10.0
10.0
10.0
10.0
10.0
10.0
10.0
10.0
10.0
10.0
10.0
10.0
10.0
10.0
10.0
10.0
10.0
10.0
10.0
10.0
10.0
10.0
10.0
10.0
10.0
10.0
10.0
10.0
10.0
4.0
10.0
10.0
10.0
10.0
10.0
10.0
4.0
10.0
1.0
4.0
2.0
10.0
10.0
4.0
4.0
10.0
10.0
4.0
1.0
4.0
4.0
10.0
4.0
10.0
10.0
2.0
2.0
1.0
2.0
10.0
10.0
2.0
10.0
10.0
10.0
10.0
26.0
2.0
4.0
10.0
4.0
10.0
10.0
4.0
4.0
43.0
1.0
1.0
10.0
10.0
10.0
10.0
10.0
4.0
10.0
37.0
10.0
43.0
10.0
36.0
10.0
26.0
10.0
4.0
