33.0
36.0
36.0
16.0
7.0
36.0
43.0
36.0
37.0
43.0
36.0
22.0
16.0
22.0
2.0
16.0
16.0
2.0
33.0
33.0
16.0
33.0
8.0
8.0
8.0
7.0
7.0
8.0
7.0
7.0
8.0
16.0
2.0
16.0
16.0
16.0
22.0
33.0
16.0
33.0
33.0
16.0
16.0
16.0
16.0
16.0
33.0
16.0
33.0
33.0
16.0
22.0
22.0
33.0
33.0
2.0
22.0
33.0
2.0
16.0
33.0
43.0
33.0
16.0
16.0
16.0
16.0
7.0
33.0
7.0
36.0
36.0
36.0
36.0
16.0
16.0
16.0
8.0
16.0
7.0
43.0
7.0
36.0
16.0
7.0
33.0
7.0
36.0
2.0
8.0
43.0
7.0
7.0
16.0
16.0
7.0
33.0
2.0
16.0
16.0
8.0
2.0
43.0
7.0
16.0
8.0
33.0
2.0
37.0
22.0
33.0
33.0
33.0
2.0
33.0
2.0
2.0
7.0
7.0
8.0
7.0
36.0
7.0
7.0
7.0
7.0
7.0
7.0
7.0
7.0
2.0
7.0
7.0
7.0
7.0
7.0
7.0
7.0
7.0
7.0
7.0
36.0
43.0
43.0
36.0
37.0
36.0
43.0
43.0
7.0
10.0
43.0
33.0
7.0
37.0
16.0
16.0
36.0
33.0
33.0
36.0
33.0
33.0
7.0
33.0
33.0
43.0
37.0
22.0
41.0
16.0
33.0
8.0
36.0
7.0
7.0
7.0
7.0
7.0
7.0
36.0
7.0
7.0
7.0
7.0
7.0
7.0
16.0
16.0
16.0
16.0
36.0
16.0
33.0
20.0
16.0
36.0
33.0
33.0
22.0
36.0
43.0
7.0
7.0
7.0
7.0
7.0
7.0
7.0
7.0
7.0
7.0
7.0
7.0
7.0
7.0
7.0
7.0
7.0
7.0
7.0
7.0
7.0
7.0
7.0
7.0
7.0
7.0
7.0
7.0
7.0
7.0
7.0
7.0
7.0
33.0
7.0
7.0
7.0
7.0
7.0
7.0
16.0
7.0
37.0
33.0
33.0
7.0
7.0
33.0
33.0
7.0
7.0
33.0
36.0
33.0
33.0
7.0
33.0
7.0
7.0
2.0
33.0
36.0
22.0
7.0
7.0
33.0
7.0
7.0
7.0
7.0
8.0
2.0
33.0
7.0
33.0
7.0
41.0
33.0
33.0
43.0
36.0
36.0
7.0
7.0
7.0
7.0
7.0
33.0
7.0
37.0
7.0
36.0
7.0
36.0
7.0
20.0
7.0
16.0
