4.0
36.0
36.0
20.0
10.0
36.0
43.0
36.0
37.0
43.0
36.0
2.0
16.0
26.0
29.0
20.0
20.0
29.0
4.0
4.0
16.0
4.0
29.0
29.0
29.0
10.0
10.0
29.0
10.0
10.0
29.0
16.0
29.0
16.0
16.0
16.0
2.0
4.0
16.0
16.0
4.0
16.0
16.0
20.0
20.0
20.0
4.0
16.0
4.0
4.0
16.0
2.0
15.0
4.0
4.0
2.0
2.0
4.0
29.0
16.0
4.0
36.0
4.0
20.0
20.0
20.0
16.0
10.0
4.0
10.0
36.0
36.0
36.0
36.0
16.0
20.0
20.0
4.0
20.0
10.0
16.0
10.0
36.0
20.0
10.0
4.0
10.0
36.0
29.0
29.0
16.0
10.0
10.0
20.0
16.0
10.0
4.0
29.0
20.0
20.0
29.0
29.0
16.0
10.0
20.0
29.0
4.0
29.0
10.0
2.0
4.0
4.0
4.0
29.0
4.0
29.0
29.0
10.0
10.0
22.0
10.0
37.0
10.0
10.0
10.0
10.0
10.0
10.0
10.0
10.0
2.0
10.0
10.0
10.0
10.0
10.0
10.0
10.0
10.0
10.0
10.0
36.0
36.0
16.0
36.0
10.0
36.0
36.0
36.0
10.0
10.0
36.0
4.0
10.0
10.0
16.0
16.0
36.0
4.0
4.0
36.0
4.0
4.0
10.0
4.0
4.0
16.0
10.0
4.0
10.0
16.0
4.0
19.0
36.0
10.0
10.0
10.0
10.0
10.0
10.0
36.0
10.0
10.0
10.0
10.0
10.0
10.0
16.0
16.0
16.0
16.0
36.0
20.0
4.0
20.0
20.0
36.0
4.0
4.0
2.0
36.0
16.0
10.0
10.0
10.0
10.0
10.0
10.0
10.0
10.0
10.0
10.0
10.0
10.0
10.0
10.0
10.0
10.0
10.0
10.0
10.0
10.0
10.0
10.0
10.0
10.0
10.0
10.0
10.0
10.0
10.0
10.0
10.0
10.0
10.0
4.0
10.0
10.0
10.0
10.0
10.0
10.0
16.0
10.0
10.0
4.0
4.0
10.0
10.0
4.0
4.0
10.0
10.0
4.0
37.0
4.0
4.0
10.0
4.0
10.0
10.0
2.0
4.0
36.0
2.0
10.0
10.0
2.0
10.0
10.0
10.0
10.0
20.0
2.0
4.0
10.0
4.0
10.0
10.0
4.0
4.0
36.0
36.0
36.0
10.0
10.0
10.0
10.0
10.0
4.0
10.0
10.0
10.0
36.0
10.0
36.0
10.0
20.0
10.0
16.0
