4.0
36.0
1.0
20.0
45.0
36.0
1.0
36.0
1.0
1.0
36.0
2.0
16.0
20.0
2.0
20.0
20.0
2.0
4.0
4.0
16.0
4.0
10.0
10.0
10.0
45.0
37.0
10.0
45.0
45.0
10.0
4.0
2.0
16.0
16.0
16.0
2.0
4.0
16.0
4.0
4.0
16.0
16.0
20.0
20.0
20.0
4.0
4.0
4.0
4.0
4.0
4.0
4.0
4.0
4.0
2.0
2.0
4.0
2.0
16.0
4.0
36.0
4.0
20.0
20.0
16.0
16.0
45.0
4.0
45.0
36.0
1.0
1.0
36.0
16.0
20.0
20.0
34.0
20.0
45.0
16.0
37.0
36.0
20.0
45.0
4.0
45.0
36.0
2.0
10.0
36.0
45.0
45.0
20.0
4.0
45.0
4.0
2.0
20.0
20.0
10.0
2.0
16.0
45.0
20.0
10.0
4.0
2.0
37.0
2.0
4.0
4.0
4.0
2.0
4.0
2.0
2.0
45.0
37.0
34.0
37.0
1.0
45.0
45.0
45.0
45.0
45.0
45.0
45.0
45.0
2.0
45.0
45.0
45.0
45.0
45.0
45.0
45.0
45.0
45.0
45.0
36.0
36.0
16.0
1.0
37.0
36.0
36.0
36.0
37.0
37.0
36.0
4.0
45.0
37.0
4.0
16.0
36.0
4.0
4.0
36.0
4.0
4.0
45.0
4.0
4.0
16.0
37.0
4.0
37.0
16.0
4.0
8.0
1.0
45.0
37.0
45.0
45.0
45.0
45.0
1.0
45.0
45.0
45.0
45.0
37.0
45.0
16.0
16.0
16.0
16.0
1.0
16.0
4.0
20.0
20.0
1.0
4.0
4.0
2.0
36.0
16.0
45.0
45.0
45.0
45.0
45.0
45.0
45.0
45.0
45.0
45.0
45.0
45.0
45.0
45.0
45.0
45.0
45.0
45.0
45.0
45.0
45.0
45.0
37.0
45.0
45.0
45.0
37.0
45.0
45.0
45.0
45.0
45.0
45.0
4.0
45.0
45.0
45.0
45.0
45.0
45.0
4.0
45.0
37.0
4.0
4.0
37.0
45.0
4.0
4.0
45.0
45.0
4.0
37.0
4.0
4.0
45.0
4.0
45.0
45.0
2.0
4.0
36.0
2.0
45.0
37.0
4.0
37.0
45.0
45.0
37.0
8.0
2.0
4.0
45.0
4.0
45.0
37.0
4.0
4.0
36.0
36.0
36.0
45.0
45.0
45.0
45.0
45.0
4.0
45.0
37.0
45.0
36.0
45.0
36.0
45.0
20.0
37.0
4.0
