3.0
43.0
1.0
20.0
10.0
43.0
1.0
1.0
1.0
43.0
31.0
26.0
16.0
26.0
2.0
20.0
20.0
2.0
3.0
3.0
16.0
3.0
29.0
29.0
29.0
10.0
10.0
29.0
10.0
10.0
29.0
16.0
2.0
16.0
16.0
16.0
3.0
3.0
16.0
16.0
3.0
16.0
16.0
20.0
20.0
20.0
3.0
16.0
3.0
3.0
20.0
3.0
26.0
3.0
3.0
2.0
3.0
3.0
2.0
16.0
3.0
43.0
3.0
20.0
20.0
20.0
16.0
10.0
3.0
10.0
1.0
1.0
1.0
1.0
20.0
20.0
20.0
3.0
20.0
10.0
16.0
10.0
31.0
20.0
10.0
3.0
10.0
1.0
2.0
29.0
16.0
10.0
10.0
20.0
16.0
10.0
3.0
2.0
20.0
20.0
29.0
2.0
16.0
10.0
20.0
29.0
3.0
2.0
1.0
2.0
3.0
3.0
3.0
2.0
3.0
2.0
2.0
10.0
10.0
3.0
10.0
1.0
10.0
10.0
10.0
10.0
10.0
10.0
10.0
10.0
2.0
10.0
10.0
10.0
10.0
10.0
10.0
10.0
10.0
10.0
10.0
1.0
43.0
16.0
1.0
1.0
31.0
43.0
43.0
10.0
37.0
43.0
3.0
10.0
1.0
16.0
16.0
43.0
3.0
3.0
31.0
3.0
3.0
10.0
3.0
3.0
16.0
1.0
3.0
10.0
16.0
3.0
8.0
1.0
10.0
10.0
10.0
10.0
10.0
10.0
1.0
10.0
10.0
10.0
10.0
10.0
10.0
16.0
16.0
16.0
16.0
1.0
16.0
3.0
20.0
20.0
1.0
3.0
3.0
2.0
1.0
16.0
10.0
10.0
10.0
10.0
10.0
10.0
10.0
10.0
10.0
10.0
10.0
10.0
10.0
10.0
10.0
10.0
10.0
10.0
10.0
10.0
10.0
10.0
10.0
10.0
10.0
10.0
10.0
10.0
10.0
10.0
10.0
10.0
10.0
3.0
10.0
10.0
10.0
10.0
10.0
10.0
16.0
10.0
1.0
3.0
3.0
10.0
10.0
3.0
3.0
10.0
10.0
3.0
1.0
3.0
3.0
10.0
3.0
10.0
10.0
2.0
3.0
1.0
2.0
10.0
10.0
3.0
10.0
10.0
10.0
10.0
26.0
2.0
3.0
10.0
3.0
10.0
10.0
3.0
3.0
43.0
1.0
1.0
10.0
10.0
10.0
10.0
10.0
3.0
10.0
1.0
10.0
43.0
10.0
1.0
10.0
26.0
10.0
16.0
