33.0
20.0
23.0
20.0
10.0
20.0
23.0
23.0
23.0
20.0
23.0
10.0
20.0
20.0
10.0
20.0
20.0
10.0
33.0
33.0
20.0
33.0
10.0
10.0
10.0
10.0
10.0
10.0
10.0
10.0
10.0
20.0
10.0
20.0
20.0
20.0
2.0
33.0
20.0
33.0
33.0
20.0
20.0
20.0
20.0
20.0
33.0
20.0
33.0
33.0
20.0
2.0
2.0
33.0
33.0
10.0
2.0
33.0
10.0
20.0
33.0
20.0
33.0
20.0
20.0
20.0
20.0
10.0
33.0
10.0
23.0
23.0
23.0
23.0
20.0
20.0
20.0
8.0
20.0
10.0
20.0
10.0
23.0
20.0
10.0
33.0
10.0
23.0
10.0
10.0
20.0
10.0
10.0
20.0
20.0
10.0
33.0
10.0
20.0
20.0
10.0
10.0
20.0
10.0
20.0
10.0
33.0
10.0
23.0
10.0
33.0
33.0
33.0
10.0
33.0
10.0
10.0
10.0
10.0
8.0
10.0
23.0
10.0
10.0
10.0
10.0
10.0
10.0
10.0
10.0
10.0
10.0
10.0
10.0
10.0
10.0
10.0
10.0
10.0
10.0
10.0
23.0
20.0
20.0
23.0
23.0
23.0
20.0
20.0
10.0
10.0
20.0
33.0
10.0
23.0
33.0
20.0
20.0
33.0
33.0
23.0
33.0
33.0
10.0
33.0
33.0
20.0
23.0
2.0
10.0
20.0
33.0
10.0
23.0
10.0
10.0
10.0
10.0
10.0
10.0
23.0
10.0
10.0
10.0
10.0
10.0
10.0
20.0
20.0
20.0
20.0
23.0
20.0
33.0
20.0
20.0
23.0
33.0
33.0
2.0
23.0
20.0
10.0
10.0
10.0
10.0
10.0
10.0
10.0
10.0
10.0
10.0
10.0
10.0
10.0
10.0
10.0
10.0
10.0
10.0
10.0
10.0
10.0
10.0
10.0
10.0
10.0
10.0
10.0
10.0
10.0
10.0
10.0
10.0
10.0
33.0
10.0
10.0
10.0
10.0
10.0
10.0
33.0
10.0
23.0
33.0
33.0
10.0
10.0
33.0
33.0
10.0
10.0
33.0
23.0
33.0
33.0
10.0
33.0
10.0
10.0
10.0
33.0
23.0
10.0
10.0
10.0
33.0
10.0
10.0
10.0
10.0
20.0
10.0
33.0
10.0
33.0
10.0
10.0
33.0
33.0
20.0
23.0
23.0
10.0
10.0
10.0
10.0
10.0
33.0
10.0
10.0
10.0
34.0
10.0
23.0
10.0
20.0
10.0
20.0
