4.0
43.0
36.0
20.0
38.0
43.0
1.0
36.0
37.0
43.0
43.0
2.0
20.0
22.0
2.0
20.0
20.0
10.0
4.0
4.0
20.0
4.0
10.0
10.0
10.0
10.0
10.0
10.0
38.0
38.0
10.0
4.0
10.0
20.0
20.0
20.0
2.0
4.0
20.0
4.0
4.0
20.0
20.0
20.0
20.0
20.0
4.0
4.0
4.0
4.0
20.0
4.0
4.0
4.0
4.0
2.0
2.0
4.0
10.0
20.0
4.0
43.0
4.0
20.0
20.0
20.0
20.0
38.0
4.0
38.0
36.0
36.0
36.0
36.0
20.0
20.0
20.0
4.0
20.0
38.0
43.0
10.0
43.0
20.0
38.0
4.0
38.0
36.0
10.0
10.0
43.0
38.0
38.0
20.0
20.0
38.0
4.0
2.0
20.0
20.0
10.0
2.0
43.0
38.0
20.0
10.0
4.0
10.0
37.0
2.0
4.0
4.0
4.0
10.0
4.0
10.0
2.0
38.0
10.0
4.0
10.0
37.0
38.0
38.0
38.0
38.0
38.0
38.0
38.0
38.0
2.0
38.0
38.0
38.0
38.0
38.0
38.0
38.0
38.0
38.0
38.0
36.0
43.0
43.0
1.0
37.0
36.0
43.0
43.0
10.0
10.0
43.0
4.0
38.0
37.0
4.0
20.0
43.0
4.0
4.0
36.0
4.0
4.0
38.0
4.0
4.0
20.0
37.0
4.0
10.0
20.0
4.0
19.0
36.0
38.0
10.0
38.0
38.0
38.0
38.0
36.0
38.0
38.0
38.0
38.0
10.0
38.0
20.0
20.0
20.0
20.0
36.0
20.0
4.0
20.0
20.0
37.0
4.0
4.0
2.0
36.0
43.0
38.0
38.0
38.0
38.0
38.0
38.0
38.0
38.0
38.0
38.0
38.0
38.0
38.0
38.0
38.0
38.0
38.0
38.0
38.0
38.0
38.0
38.0
10.0
38.0
38.0
38.0
10.0
38.0
38.0
38.0
38.0
38.0
38.0
4.0
38.0
38.0
38.0
38.0
38.0
38.0
4.0
38.0
37.0
4.0
4.0
10.0
38.0
4.0
4.0
38.0
38.0
4.0
37.0
4.0
4.0
38.0
4.0
38.0
38.0
2.0
4.0
36.0
2.0
38.0
10.0
4.0
10.0
38.0
38.0
10.0
20.0
2.0
4.0
38.0
4.0
38.0
10.0
4.0
4.0
43.0
36.0
36.0
38.0
38.0
38.0
38.0
38.0
4.0
38.0
10.0
38.0
43.0
38.0
36.0
38.0
20.0
10.0
4.0
