33.0
1.0
36.0
15.0
10.0
36.0
1.0
36.0
1.0
1.0
36.0
2.0
16.0
22.0
2.0
16.0
16.0
2.0
33.0
33.0
16.0
15.0
8.0
8.0
8.0
10.0
10.0
8.0
10.0
10.0
8.0
16.0
2.0
16.0
16.0
16.0
22.0
33.0
16.0
16.0
33.0
16.0
16.0
16.0
16.0
16.0
33.0
16.0
33.0
33.0
16.0
33.0
22.0
33.0
33.0
2.0
8.0
33.0
2.0
16.0
33.0
1.0
33.0
16.0
16.0
16.0
16.0
10.0
33.0
10.0
36.0
36.0
36.0
36.0
16.0
16.0
16.0
8.0
16.0
10.0
16.0
10.0
36.0
16.0
10.0
33.0
10.0
36.0
2.0
8.0
1.0
10.0
10.0
16.0
16.0
10.0
33.0
2.0
16.0
20.0
8.0
2.0
16.0
10.0
16.0
8.0
33.0
8.0
48.0
2.0
33.0
33.0
33.0
2.0
33.0
2.0
2.0
10.0
10.0
3.0
10.0
36.0
10.0
10.0
10.0
10.0
10.0
10.0
10.0
10.0
2.0
10.0
10.0
10.0
10.0
10.0
10.0
10.0
10.0
10.0
10.0
36.0
1.0
16.0
36.0
48.0
36.0
1.0
1.0
10.0
48.0
1.0
33.0
10.0
48.0
16.0
16.0
1.0
33.0
33.0
36.0
33.0
33.0
10.0
33.0
33.0
16.0
48.0
33.0
10.0
16.0
33.0
26.0
36.0
10.0
10.0
10.0
10.0
10.0
10.0
36.0
10.0
10.0
10.0
10.0
10.0
10.0
16.0
16.0
16.0
16.0
36.0
16.0
33.0
16.0
16.0
36.0
33.0
33.0
2.0
36.0
16.0
10.0
10.0
10.0
10.0
10.0
10.0
10.0
10.0
10.0
10.0
10.0
10.0
10.0
10.0
10.0
10.0
10.0
10.0
10.0
10.0
10.0
10.0
10.0
10.0
10.0
10.0
10.0
10.0
10.0
10.0
10.0
10.0
10.0
33.0
10.0
10.0
10.0
10.0
10.0
10.0
16.0
10.0
48.0
33.0
33.0
10.0
10.0
33.0
33.0
10.0
10.0
33.0
36.0
33.0
33.0
10.0
33.0
10.0
10.0
2.0
33.0
36.0
2.0
10.0
10.0
8.0
10.0
10.0
10.0
48.0
26.0
2.0
33.0
10.0
15.0
10.0
48.0
15.0
33.0
1.0
36.0
36.0
10.0
10.0
10.0
10.0
10.0
33.0
10.0
48.0
10.0
1.0
10.0
36.0
10.0
26.0
10.0
16.0
