33.0
36.0
36.0
20.0
45.0
36.0
1.0
36.0
1.0
1.0
36.0
2.0
16.0
20.0
2.0
20.0
20.0
2.0
33.0
33.0
16.0
33.0
39.0
39.0
39.0
45.0
45.0
39.0
45.0
45.0
39.0
16.0
2.0
16.0
16.0
16.0
2.0
33.0
16.0
16.0
33.0
16.0
16.0
20.0
20.0
20.0
33.0
16.0
33.0
33.0
16.0
2.0
2.0
33.0
33.0
2.0
2.0
33.0
2.0
16.0
33.0
1.0
33.0
20.0
16.0
16.0
16.0
45.0
33.0
45.0
36.0
36.0
36.0
36.0
16.0
16.0
20.0
3.0
20.0
45.0
16.0
45.0
36.0
20.0
45.0
16.0
45.0
36.0
39.0
39.0
36.0
45.0
45.0
20.0
16.0
45.0
2.0
2.0
20.0
20.0
8.0
2.0
16.0
45.0
20.0
8.0
33.0
39.0
37.0
2.0
33.0
33.0
33.0
2.0
2.0
2.0
2.0
45.0
45.0
3.0
10.0
36.0
45.0
45.0
45.0
45.0
45.0
45.0
45.0
45.0
2.0
45.0
45.0
45.0
45.0
45.0
45.0
45.0
45.0
45.0
45.0
36.0
1.0
16.0
36.0
37.0
36.0
1.0
1.0
45.0
10.0
1.0
33.0
45.0
37.0
16.0
16.0
36.0
33.0
33.0
36.0
33.0
33.0
45.0
33.0
33.0
16.0
37.0
2.0
10.0
16.0
33.0
8.0
36.0
45.0
10.0
45.0
45.0
45.0
45.0
36.0
45.0
45.0
45.0
45.0
10.0
45.0
16.0
16.0
16.0
16.0
36.0
16.0
33.0
16.0
16.0
36.0
2.0
33.0
2.0
36.0
16.0
45.0
45.0
45.0
45.0
45.0
45.0
45.0
45.0
45.0
45.0
45.0
45.0
45.0
45.0
45.0
45.0
45.0
45.0
45.0
45.0
45.0
45.0
45.0
45.0
45.0
45.0
10.0
45.0
45.0
45.0
45.0
45.0
45.0
33.0
45.0
45.0
45.0
45.0
45.0
45.0
16.0
45.0
37.0
33.0
2.0
45.0
45.0
33.0
33.0
45.0
45.0
33.0
36.0
33.0
33.0
45.0
33.0
45.0
45.0
2.0
2.0
36.0
2.0
45.0
45.0
2.0
45.0
45.0
45.0
10.0
8.0
2.0
33.0
45.0
20.0
45.0
10.0
20.0
33.0
1.0
36.0
36.0
45.0
45.0
45.0
45.0
45.0
2.0
45.0
10.0
45.0
36.0
45.0
36.0
45.0
20.0
45.0
16.0
