4.0
6.0
31.0
4.0
45.0
20.0
37.0
31.0
37.0
37.0
36.0
2.0
20.0
20.0
2.0
20.0
20.0
2.0
4.0
4.0
20.0
4.0
8.0
8.0
8.0
45.0
37.0
8.0
45.0
45.0
8.0
16.0
2.0
20.0
20.0
16.0
2.0
4.0
20.0
16.0
4.0
20.0
20.0
20.0
20.0
20.0
4.0
16.0
4.0
4.0
4.0
4.0
2.0
4.0
4.0
2.0
2.0
4.0
2.0
20.0
4.0
6.0
4.0
20.0
20.0
20.0
20.0
45.0
4.0
45.0
31.0
31.0
31.0
36.0
20.0
20.0
20.0
8.0
20.0
45.0
20.0
37.0
36.0
20.0
45.0
4.0
45.0
31.0
8.0
8.0
20.0
45.0
45.0
20.0
16.0
45.0
4.0
2.0
20.0
20.0
8.0
2.0
20.0
45.0
20.0
8.0
4.0
8.0
37.0
2.0
4.0
4.0
4.0
2.0
4.0
2.0
2.0
45.0
37.0
8.0
37.0
37.0
45.0
45.0
45.0
45.0
45.0
45.0
45.0
45.0
2.0
45.0
45.0
45.0
45.0
45.0
45.0
45.0
45.0
45.0
45.0
31.0
6.0
20.0
37.0
37.0
36.0
6.0
43.0
37.0
37.0
6.0
4.0
45.0
37.0
16.0
20.0
6.0
4.0
4.0
36.0
4.0
4.0
45.0
4.0
4.0
20.0
37.0
4.0
37.0
20.0
4.0
8.0
31.0
45.0
37.0
45.0
45.0
45.0
45.0
31.0
45.0
45.0
45.0
45.0
37.0
45.0
20.0
20.0
20.0
20.0
31.0
20.0
4.0
20.0
20.0
31.0
4.0
4.0
2.0
31.0
20.0
45.0
45.0
45.0
45.0
45.0
45.0
45.0
45.0
45.0
45.0
45.0
45.0
45.0
45.0
45.0
45.0
45.0
45.0
45.0
45.0
45.0
45.0
37.0
45.0
45.0
45.0
37.0
45.0
45.0
45.0
45.0
45.0
45.0
4.0
45.0
45.0
45.0
45.0
45.0
45.0
16.0
45.0
37.0
4.0
4.0
37.0
45.0
4.0
4.0
45.0
45.0
4.0
37.0
4.0
4.0
45.0
4.0
45.0
45.0
2.0
4.0
36.0
2.0
45.0
37.0
4.0
37.0
45.0
45.0
37.0
20.0
2.0
4.0
45.0
4.0
45.0
37.0
4.0
4.0
20.0
31.0
31.0
45.0
45.0
45.0
45.0
45.0
4.0
45.0
37.0
45.0
6.0
45.0
36.0
45.0
20.0
37.0
16.0
