33.0
43.0
23.0
20.0
10.0
43.0
23.0
23.0
37.0
23.0
23.0
22.0
16.0
22.0
22.0
20.0
20.0
22.0
33.0
33.0
16.0
33.0
10.0
10.0
10.0
10.0
10.0
10.0
10.0
10.0
10.0
33.0
22.0
16.0
16.0
16.0
22.0
33.0
16.0
33.0
33.0
16.0
16.0
20.0
20.0
20.0
33.0
33.0
33.0
33.0
33.0
33.0
33.0
33.0
33.0
22.0
2.0
33.0
22.0
16.0
33.0
43.0
33.0
20.0
16.0
16.0
16.0
10.0
33.0
10.0
23.0
23.0
23.0
23.0
16.0
20.0
20.0
3.0
20.0
10.0
43.0
10.0
23.0
20.0
10.0
33.0
10.0
23.0
22.0
10.0
43.0
10.0
10.0
20.0
16.0
10.0
33.0
22.0
20.0
20.0
8.0
22.0
43.0
10.0
20.0
8.0
33.0
22.0
37.0
22.0
33.0
33.0
33.0
22.0
33.0
22.0
22.0
10.0
10.0
43.0
10.0
23.0
10.0
10.0
10.0
10.0
10.0
10.0
10.0
10.0
22.0
10.0
10.0
10.0
10.0
10.0
10.0
10.0
10.0
10.0
10.0
23.0
43.0
43.0
23.0
1.0
23.0
43.0
43.0
10.0
10.0
43.0
33.0
10.0
1.0
33.0
16.0
43.0
33.0
33.0
23.0
33.0
33.0
10.0
33.0
33.0
16.0
1.0
33.0
10.0
16.0
33.0
10.0
23.0
10.0
10.0
10.0
10.0
10.0
10.0
23.0
10.0
10.0
10.0
10.0
10.0
10.0
16.0
16.0
16.0
16.0
23.0
16.0
33.0
20.0
16.0
23.0
33.0
33.0
22.0
23.0
43.0
10.0
10.0
10.0
10.0
10.0
10.0
10.0
10.0
10.0
10.0
10.0
10.0
10.0
10.0
10.0
10.0
10.0
10.0
10.0
10.0
10.0
10.0
10.0
10.0
10.0
10.0
10.0
10.0
10.0
10.0
10.0
10.0
10.0
33.0
10.0
10.0
10.0
10.0
10.0
10.0
33.0
10.0
1.0
33.0
33.0
10.0
10.0
33.0
33.0
10.0
10.0
33.0
1.0
33.0
33.0
10.0
33.0
10.0
10.0
22.0
33.0
23.0
22.0
10.0
10.0
33.0
10.0
10.0
10.0
10.0
20.0
22.0
33.0
10.0
33.0
10.0
10.0
33.0
33.0
43.0
23.0
23.0
10.0
10.0
10.0
10.0
10.0
33.0
10.0
1.0
10.0
43.0
10.0
23.0
10.0
20.0
10.0
33.0
