4.0
43.0
36.0
4.0
10.0
43.0
1.0
36.0
37.0
1.0
43.0
26.0
16.0
26.0
29.0
16.0
16.0
29.0
4.0
4.0
16.0
4.0
29.0
29.0
29.0
10.0
10.0
29.0
10.0
10.0
29.0
16.0
29.0
16.0
16.0
16.0
8.0
4.0
16.0
16.0
4.0
16.0
16.0
16.0
16.0
16.0
4.0
16.0
4.0
4.0
16.0
4.0
26.0
4.0
4.0
29.0
4.0
4.0
29.0
16.0
4.0
43.0
4.0
16.0
16.0
16.0
16.0
10.0
4.0
10.0
36.0
36.0
36.0
36.0
16.0
16.0
16.0
3.0
16.0
10.0
43.0
10.0
43.0
16.0
10.0
4.0
10.0
36.0
29.0
29.0
43.0
10.0
10.0
16.0
16.0
10.0
4.0
29.0
16.0
16.0
29.0
29.0
43.0
10.0
16.0
29.0
4.0
29.0
1.0
22.0
4.0
4.0
4.0
29.0
4.0
29.0
29.0
10.0
10.0
3.0
10.0
1.0
10.0
10.0
10.0
10.0
10.0
10.0
10.0
10.0
29.0
10.0
10.0
10.0
10.0
10.0
10.0
10.0
10.0
10.0
10.0
36.0
43.0
43.0
1.0
1.0
43.0
43.0
43.0
10.0
37.0
43.0
4.0
10.0
1.0
16.0
16.0
43.0
4.0
4.0
43.0
4.0
4.0
10.0
4.0
4.0
16.0
1.0
4.0
10.0
16.0
4.0
8.0
36.0
10.0
10.0
10.0
10.0
10.0
10.0
36.0
10.0
10.0
10.0
10.0
10.0
10.0
16.0
16.0
16.0
16.0
36.0
16.0
4.0
16.0
16.0
1.0
4.0
4.0
8.0
36.0
43.0
10.0
10.0
10.0
10.0
10.0
10.0
10.0
10.0
10.0
10.0
10.0
10.0
10.0
10.0
10.0
10.0
10.0
10.0
10.0
10.0
10.0
10.0
10.0
10.0
10.0
10.0
10.0
10.0
10.0
10.0
10.0
10.0
10.0
4.0
10.0
10.0
10.0
10.0
10.0
10.0
16.0
10.0
1.0
4.0
4.0
10.0
10.0
4.0
4.0
10.0
10.0
4.0
1.0
4.0
4.0
10.0
4.0
10.0
10.0
29.0
4.0
36.0
29.0
10.0
10.0
4.0
10.0
10.0
10.0
10.0
26.0
29.0
4.0
10.0
4.0
10.0
10.0
4.0
4.0
43.0
36.0
36.0
10.0
10.0
10.0
10.0
10.0
4.0
10.0
1.0
10.0
43.0
10.0
36.0
10.0
26.0
10.0
16.0
