4.0
43.0
1.0
16.0
10.0
20.0
43.0
1.0
37.0
43.0
1.0
2.0
16.0
20.0
29.0
20.0
20.0
29.0
4.0
4.0
16.0
4.0
29.0
29.0
29.0
10.0
10.0
29.0
10.0
10.0
29.0
16.0
29.0
16.0
16.0
16.0
22.0
33.0
16.0
16.0
33.0
16.0
16.0
16.0
20.0
20.0
33.0
16.0
33.0
4.0
16.0
22.0
22.0
33.0
33.0
2.0
22.0
33.0
29.0
16.0
4.0
43.0
4.0
20.0
20.0
20.0
16.0
10.0
33.0
10.0
1.0
1.0
1.0
1.0
16.0
20.0
20.0
43.0
20.0
10.0
20.0
10.0
23.0
16.0
10.0
33.0
10.0
1.0
29.0
29.0
20.0
10.0
10.0
20.0
16.0
10.0
33.0
29.0
16.0
20.0
29.0
29.0
20.0
10.0
20.0
10.0
4.0
29.0
37.0
2.0
4.0
4.0
33.0
29.0
33.0
29.0
29.0
10.0
10.0
43.0
10.0
1.0
10.0
10.0
10.0
10.0
10.0
10.0
10.0
10.0
29.0
10.0
10.0
10.0
10.0
10.0
10.0
10.0
10.0
10.0
10.0
1.0
43.0
43.0
1.0
1.0
1.0
43.0
43.0
10.0
37.0
43.0
33.0
10.0
1.0
16.0
16.0
43.0
33.0
4.0
1.0
33.0
33.0
10.0
33.0
33.0
16.0
1.0
4.0
10.0
16.0
33.0
43.0
1.0
10.0
10.0
10.0
10.0
10.0
10.0
1.0
10.0
10.0
10.0
10.0
10.0
10.0
20.0
20.0
16.0
20.0
1.0
20.0
33.0
20.0
20.0
1.0
4.0
4.0
22.0
1.0
16.0
10.0
10.0
10.0
10.0
10.0
10.0
10.0
10.0
10.0
10.0
10.0
10.0
10.0
10.0
10.0
10.0
10.0
10.0
10.0
10.0
10.0
10.0
10.0
10.0
10.0
10.0
10.0
10.0
10.0
10.0
10.0
10.0
10.0
33.0
10.0
10.0
10.0
10.0
10.0
10.0
16.0
10.0
1.0
4.0
4.0
10.0
10.0
33.0
33.0
10.0
10.0
33.0
1.0
4.0
4.0
10.0
4.0
10.0
10.0
2.0
4.0
1.0
2.0
10.0
10.0
4.0
10.0
10.0
10.0
10.0
20.0
2.0
33.0
10.0
4.0
10.0
10.0
4.0
4.0
43.0
23.0
1.0
10.0
10.0
10.0
10.0
10.0
4.0
10.0
37.0
10.0
43.0
10.0
1.0
10.0
20.0
10.0
16.0
