4.0
43.0
31.0
4.0
10.0
43.0
43.0
31.0
43.0
43.0
43.0
2.0
16.0
22.0
2.0
20.0
20.0
2.0
4.0
4.0
16.0
4.0
29.0
29.0
29.0
10.0
10.0
29.0
10.0
10.0
29.0
16.0
2.0
16.0
16.0
16.0
22.0
4.0
16.0
16.0
4.0
16.0
16.0
20.0
20.0
20.0
4.0
16.0
4.0
4.0
4.0
4.0
22.0
4.0
4.0
2.0
2.0
4.0
2.0
16.0
4.0
43.0
4.0
20.0
20.0
20.0
20.0
10.0
4.0
10.0
31.0
31.0
31.0
31.0
16.0
20.0
20.0
3.0
20.0
10.0
43.0
10.0
43.0
20.0
10.0
4.0
10.0
31.0
2.0
29.0
43.0
10.0
10.0
20.0
16.0
10.0
3.0
2.0
20.0
20.0
29.0
2.0
43.0
10.0
20.0
29.0
3.0
29.0
10.0
2.0
4.0
4.0
3.0
2.0
2.0
2.0
2.0
10.0
10.0
3.0
10.0
30.0
10.0
10.0
10.0
10.0
10.0
10.0
10.0
10.0
2.0
10.0
10.0
10.0
10.0
10.0
10.0
10.0
10.0
10.0
10.0
31.0
43.0
43.0
31.0
30.0
43.0
43.0
43.0
10.0
10.0
43.0
4.0
10.0
10.0
16.0
16.0
43.0
4.0
4.0
31.0
4.0
4.0
10.0
4.0
4.0
16.0
30.0
4.0
10.0
16.0
4.0
10.0
31.0
10.0
10.0
10.0
10.0
10.0
10.0
31.0
10.0
10.0
10.0
10.0
10.0
10.0
20.0
20.0
20.0
20.0
31.0
20.0
4.0
20.0
20.0
31.0
2.0
4.0
22.0
31.0
43.0
10.0
10.0
10.0
10.0
10.0
10.0
10.0
10.0
10.0
10.0
10.0
10.0
10.0
10.0
10.0
10.0
10.0
10.0
10.0
10.0
10.0
10.0
10.0
10.0
10.0
10.0
10.0
10.0
10.0
10.0
10.0
10.0
10.0
4.0
10.0
10.0
10.0
10.0
10.0
10.0
16.0
10.0
30.0
4.0
2.0
10.0
10.0
4.0
4.0
10.0
10.0
4.0
30.0
4.0
4.0
10.0
4.0
10.0
10.0
2.0
4.0
31.0
2.0
10.0
10.0
2.0
10.0
10.0
10.0
10.0
20.0
2.0
4.0
10.0
4.0
10.0
10.0
4.0
4.0
43.0
31.0
31.0
10.0
10.0
10.0
10.0
10.0
4.0
10.0
10.0
10.0
43.0
10.0
31.0
10.0
4.0
10.0
16.0
