4.0
1.0
1.0
20.0
10.0
1.0
1.0
1.0
37.0
37.0
1.0
22.0
20.0
20.0
22.0
20.0
20.0
22.0
4.0
4.0
20.0
4.0
29.0
29.0
29.0
10.0
10.0
29.0
10.0
10.0
29.0
4.0
22.0
20.0
20.0
20.0
22.0
4.0
20.0
4.0
4.0
20.0
20.0
20.0
20.0
20.0
4.0
4.0
4.0
4.0
20.0
4.0
20.0
4.0
4.0
22.0
3.0
4.0
22.0
20.0
4.0
1.0
4.0
20.0
20.0
20.0
20.0
10.0
4.0
10.0
1.0
1.0
1.0
1.0
20.0
20.0
20.0
3.0
20.0
10.0
20.0
10.0
1.0
20.0
10.0
4.0
10.0
1.0
22.0
29.0
1.0
10.0
10.0
20.0
20.0
10.0
4.0
22.0
20.0
20.0
29.0
22.0
20.0
10.0
20.0
29.0
4.0
22.0
37.0
22.0
4.0
4.0
4.0
22.0
4.0
22.0
22.0
10.0
10.0
3.0
10.0
37.0
10.0
10.0
10.0
10.0
10.0
10.0
10.0
10.0
22.0
10.0
10.0
10.0
10.0
10.0
10.0
10.0
10.0
10.0
10.0
1.0
14.0
14.0
1.0
37.0
1.0
1.0
14.0
10.0
37.0
14.0
4.0
10.0
37.0
4.0
20.0
1.0
4.0
4.0
1.0
4.0
4.0
10.0
4.0
4.0
20.0
37.0
4.0
10.0
20.0
4.0
8.0
1.0
10.0
10.0
10.0
10.0
10.0
10.0
1.0
10.0
10.0
10.0
10.0
10.0
10.0
20.0
20.0
20.0
20.0
1.0
20.0
4.0
20.0
20.0
1.0
4.0
4.0
22.0
1.0
20.0
10.0
10.0
10.0
10.0
10.0
10.0
10.0
10.0
10.0
10.0
10.0
10.0
10.0
10.0
10.0
10.0
10.0
10.0
10.0
10.0
10.0
10.0
10.0
10.0
10.0
10.0
10.0
10.0
10.0
10.0
10.0
10.0
10.0
4.0
10.0
10.0
10.0
10.0
10.0
10.0
4.0
10.0
37.0
4.0
4.0
10.0
10.0
4.0
4.0
10.0
10.0
4.0
37.0
4.0
4.0
10.0
4.0
10.0
10.0
22.0
4.0
1.0
22.0
10.0
10.0
4.0
10.0
10.0
10.0
37.0
20.0
22.0
4.0
10.0
4.0
10.0
37.0
4.0
4.0
1.0
1.0
1.0
10.0
10.0
10.0
10.0
10.0
4.0
10.0
37.0
10.0
1.0
10.0
1.0
10.0
20.0
10.0
4.0
