4.0
6.0
1.0
20.0
38.0
20.0
1.0
1.0
37.0
1.0
1.0
22.0
16.0
20.0
22.0
20.0
20.0
2.0
4.0
4.0
16.0
4.0
8.0
8.0
8.0
37.0
37.0
8.0
38.0
38.0
8.0
16.0
2.0
16.0
16.0
16.0
22.0
4.0
16.0
16.0
4.0
16.0
16.0
20.0
20.0
20.0
4.0
16.0
4.0
4.0
16.0
4.0
22.0
4.0
4.0
22.0
2.0
4.0
2.0
16.0
4.0
6.0
4.0
20.0
20.0
20.0
16.0
38.0
4.0
38.0
1.0
1.0
1.0
1.0
16.0
20.0
20.0
4.0
20.0
38.0
16.0
37.0
1.0
20.0
38.0
4.0
38.0
1.0
2.0
8.0
6.0
38.0
37.0
20.0
16.0
38.0
4.0
2.0
20.0
20.0
8.0
2.0
16.0
38.0
20.0
8.0
4.0
22.0
37.0
22.0
4.0
4.0
4.0
2.0
4.0
2.0
2.0
38.0
37.0
19.0
37.0
1.0
38.0
38.0
38.0
38.0
38.0
38.0
38.0
38.0
2.0
38.0
38.0
38.0
38.0
38.0
38.0
38.0
38.0
38.0
38.0
1.0
6.0
16.0
1.0
1.0
1.0
6.0
6.0
37.0
37.0
6.0
4.0
38.0
37.0
16.0
16.0
6.0
4.0
4.0
1.0
4.0
4.0
38.0
4.0
4.0
16.0
1.0
4.0
37.0
16.0
4.0
8.0
1.0
38.0
37.0
38.0
38.0
38.0
38.0
1.0
38.0
38.0
38.0
38.0
37.0
38.0
16.0
16.0
16.0
16.0
1.0
20.0
4.0
20.0
20.0
1.0
4.0
4.0
22.0
1.0
16.0
38.0
38.0
38.0
38.0
38.0
38.0
38.0
38.0
38.0
38.0
38.0
38.0
38.0
38.0
38.0
38.0
38.0
38.0
38.0
38.0
38.0
38.0
37.0
38.0
38.0
38.0
37.0
38.0
38.0
38.0
38.0
38.0
38.0
4.0
38.0
38.0
38.0
38.0
38.0
38.0
16.0
38.0
1.0
4.0
4.0
37.0
38.0
4.0
4.0
38.0
38.0
4.0
1.0
4.0
4.0
38.0
4.0
38.0
38.0
22.0
4.0
1.0
22.0
38.0
37.0
4.0
37.0
38.0
38.0
37.0
20.0
22.0
4.0
38.0
4.0
38.0
37.0
4.0
4.0
6.0
1.0
1.0
38.0
38.0
38.0
38.0
38.0
4.0
38.0
37.0
38.0
6.0
38.0
1.0
38.0
20.0
37.0
16.0
