4.0
36.0
23.0
4.0
47.0
36.0
43.0
36.0
17.0
43.0
36.0
8.0
16.0
8.0
8.0
16.0
16.0
8.0
4.0
4.0
16.0
4.0
8.0
8.0
8.0
10.0
10.0
8.0
47.0
47.0
8.0
16.0
8.0
16.0
16.0
16.0
8.0
4.0
16.0
4.0
4.0
16.0
16.0
16.0
16.0
16.0
4.0
16.0
4.0
4.0
4.0
4.0
2.0
4.0
4.0
8.0
2.0
4.0
8.0
16.0
4.0
36.0
4.0
16.0
16.0
16.0
16.0
47.0
4.0
47.0
36.0
23.0
23.0
36.0
16.0
16.0
16.0
4.0
16.0
47.0
16.0
47.0
36.0
16.0
47.0
4.0
47.0
36.0
8.0
8.0
16.0
47.0
47.0
16.0
16.0
47.0
4.0
8.0
16.0
16.0
8.0
8.0
16.0
47.0
16.0
8.0
4.0
8.0
23.0
8.0
4.0
4.0
4.0
8.0
4.0
8.0
8.0
47.0
10.0
19.0
10.0
23.0
47.0
47.0
47.0
47.0
47.0
47.0
47.0
47.0
8.0
47.0
47.0
47.0
47.0
47.0
47.0
47.0
47.0
47.0
47.0
36.0
36.0
16.0
23.0
23.0
36.0
36.0
36.0
10.0
37.0
36.0
4.0
47.0
23.0
4.0
16.0
36.0
4.0
4.0
36.0
4.0
4.0
47.0
4.0
4.0
16.0
23.0
4.0
25.0
16.0
4.0
8.0
23.0
47.0
10.0
47.0
47.0
47.0
47.0
23.0
47.0
47.0
47.0
47.0
25.0
47.0
16.0
16.0
16.0
16.0
23.0
16.0
4.0
20.0
20.0
23.0
4.0
4.0
8.0
36.0
16.0
47.0
47.0
47.0
47.0
47.0
47.0
47.0
47.0
47.0
47.0
47.0
47.0
47.0
47.0
47.0
47.0
47.0
47.0
47.0
47.0
47.0
47.0
47.0
47.0
47.0
47.0
10.0
47.0
47.0
47.0
47.0
47.0
47.0
4.0
47.0
47.0
47.0
47.0
47.0
47.0
4.0
47.0
23.0
4.0
4.0
10.0
47.0
4.0
4.0
47.0
47.0
4.0
23.0
4.0
4.0
47.0
4.0
47.0
47.0
8.0
4.0
36.0
8.0
47.0
10.0
4.0
10.0
47.0
47.0
10.0
8.0
8.0
4.0
47.0
4.0
47.0
37.0
4.0
4.0
36.0
36.0
36.0
47.0
47.0
47.0
47.0
47.0
4.0
47.0
23.0
47.0
36.0
47.0
36.0
47.0
20.0
10.0
4.0
