4.0
36.0
23.0
20.0
10.0
43.0
36.0
23.0
43.0
43.0
23.0
2.0
20.0
2.0
2.0
20.0
20.0
2.0
4.0
4.0
20.0
20.0
29.0
29.0
29.0
10.0
10.0
29.0
10.0
10.0
29.0
20.0
2.0
20.0
20.0
20.0
22.0
4.0
20.0
20.0
4.0
20.0
20.0
20.0
20.0
20.0
4.0
20.0
4.0
4.0
20.0
4.0
20.0
4.0
4.0
2.0
3.0
4.0
2.0
20.0
4.0
36.0
4.0
20.0
20.0
20.0
20.0
10.0
4.0
10.0
23.0
23.0
23.0
23.0
20.0
20.0
20.0
16.0
20.0
10.0
43.0
10.0
23.0
20.0
10.0
4.0
10.0
23.0
2.0
29.0
36.0
10.0
10.0
20.0
20.0
10.0
4.0
2.0
20.0
20.0
29.0
2.0
43.0
10.0
20.0
29.0
4.0
22.0
23.0
2.0
4.0
4.0
4.0
2.0
4.0
2.0
2.0
10.0
10.0
43.0
10.0
23.0
10.0
10.0
10.0
10.0
10.0
10.0
10.0
10.0
2.0
10.0
10.0
10.0
10.0
10.0
10.0
10.0
10.0
10.0
10.0
23.0
36.0
43.0
23.0
23.0
36.0
36.0
36.0
10.0
10.0
36.0
4.0
10.0
23.0
20.0
20.0
36.0
4.0
4.0
36.0
4.0
4.0
10.0
4.0
4.0
20.0
23.0
4.0
10.0
20.0
4.0
43.0
23.0
10.0
10.0
10.0
10.0
10.0
10.0
23.0
10.0
10.0
10.0
10.0
10.0
10.0
20.0
20.0
20.0
20.0
23.0
20.0
4.0
20.0
20.0
23.0
4.0
4.0
2.0
23.0
43.0
10.0
10.0
10.0
10.0
10.0
10.0
10.0
10.0
10.0
10.0
10.0
10.0
10.0
10.0
10.0
10.0
10.0
10.0
10.0
10.0
10.0
10.0
10.0
10.0
10.0
10.0
10.0
10.0
10.0
10.0
10.0
10.0
10.0
4.0
10.0
10.0
10.0
10.0
10.0
10.0
20.0
10.0
23.0
4.0
4.0
10.0
10.0
4.0
4.0
10.0
10.0
4.0
23.0
4.0
4.0
10.0
4.0
10.0
10.0
2.0
4.0
23.0
2.0
10.0
10.0
3.0
10.0
10.0
10.0
10.0
20.0
2.0
4.0
10.0
20.0
10.0
10.0
20.0
4.0
36.0
23.0
23.0
10.0
10.0
10.0
10.0
10.0
4.0
10.0
37.0
10.0
36.0
10.0
36.0
10.0
20.0
10.0
20.0
