33.0
1.0
1.0
20.0
45.0
1.0
1.0
1.0
1.0
1.0
1.0
2.0
16.0
2.0
2.0
20.0
20.0
2.0
33.0
33.0
16.0
33.0
8.0
8.0
8.0
45.0
45.0
8.0
45.0
45.0
8.0
16.0
2.0
16.0
16.0
16.0
2.0
33.0
16.0
16.0
33.0
16.0
16.0
20.0
20.0
20.0
33.0
16.0
33.0
33.0
20.0
2.0
3.0
33.0
33.0
2.0
2.0
33.0
2.0
16.0
33.0
1.0
33.0
20.0
20.0
20.0
20.0
45.0
33.0
45.0
1.0
1.0
1.0
1.0
20.0
20.0
20.0
3.0
20.0
45.0
16.0
45.0
1.0
20.0
45.0
33.0
45.0
1.0
2.0
8.0
1.0
45.0
45.0
20.0
16.0
45.0
33.0
2.0
20.0
20.0
8.0
2.0
16.0
45.0
20.0
8.0
33.0
8.0
1.0
2.0
33.0
33.0
33.0
2.0
33.0
2.0
2.0
45.0
45.0
3.0
45.0
1.0
45.0
45.0
45.0
45.0
45.0
45.0
45.0
45.0
2.0
45.0
45.0
45.0
45.0
45.0
45.0
45.0
45.0
45.0
45.0
1.0
1.0
6.0
1.0
1.0
1.0
1.0
1.0
45.0
10.0
1.0
33.0
45.0
1.0
3.0
16.0
1.0
33.0
33.0
1.0
33.0
33.0
45.0
33.0
33.0
16.0
1.0
3.0
45.0
16.0
33.0
19.0
1.0
45.0
45.0
45.0
45.0
45.0
45.0
1.0
45.0
45.0
45.0
45.0
45.0
45.0
16.0
16.0
16.0
16.0
1.0
20.0
33.0
20.0
20.0
1.0
33.0
33.0
2.0
1.0
16.0
45.0
45.0
45.0
45.0
45.0
45.0
45.0
45.0
45.0
45.0
45.0
45.0
45.0
45.0
45.0
45.0
45.0
45.0
45.0
45.0
45.0
45.0
45.0
45.0
45.0
45.0
45.0
45.0
45.0
45.0
45.0
45.0
45.0
33.0
45.0
45.0
45.0
45.0
45.0
45.0
33.0
45.0
1.0
33.0
33.0
45.0
45.0
33.0
33.0
45.0
45.0
33.0
1.0
33.0
33.0
45.0
33.0
45.0
45.0
2.0
33.0
1.0
2.0
45.0
45.0
3.0
45.0
45.0
45.0
45.0
20.0
2.0
33.0
45.0
3.0
45.0
45.0
3.0
33.0
1.0
1.0
1.0
45.0
45.0
45.0
45.0
45.0
33.0
45.0
37.0
45.0
1.0
45.0
1.0
45.0
20.0
45.0
3.0
