4.0
36.0
36.0
16.0
7.0
36.0
1.0
36.0
37.0
43.0
36.0
22.0
16.0
22.0
22.0
16.0
16.0
22.0
4.0
4.0
16.0
4.0
8.0
8.0
8.0
7.0
37.0
8.0
7.0
7.0
8.0
16.0
22.0
16.0
16.0
16.0
22.0
4.0
16.0
16.0
4.0
16.0
16.0
16.0
16.0
16.0
4.0
16.0
4.0
4.0
16.0
2.0
22.0
4.0
4.0
22.0
2.0
4.0
22.0
16.0
4.0
36.0
4.0
16.0
16.0
16.0
16.0
7.0
4.0
7.0
36.0
36.0
36.0
36.0
16.0
16.0
16.0
8.0
16.0
7.0
16.0
37.0
36.0
16.0
7.0
16.0
7.0
36.0
22.0
8.0
16.0
7.0
7.0
16.0
16.0
7.0
4.0
22.0
16.0
20.0
8.0
22.0
16.0
7.0
16.0
8.0
4.0
8.0
37.0
22.0
4.0
4.0
4.0
22.0
2.0
22.0
22.0
7.0
37.0
8.0
37.0
1.0
7.0
7.0
7.0
7.0
7.0
7.0
7.0
7.0
22.0
7.0
7.0
7.0
7.0
7.0
7.0
7.0
7.0
7.0
7.0
36.0
36.0
16.0
1.0
37.0
36.0
36.0
36.0
37.0
37.0
36.0
4.0
7.0
37.0
16.0
16.0
36.0
4.0
4.0
36.0
4.0
4.0
7.0
4.0
4.0
16.0
37.0
2.0
37.0
16.0
4.0
8.0
36.0
7.0
37.0
7.0
7.0
7.0
7.0
36.0
7.0
7.0
7.0
7.0
37.0
7.0
16.0
16.0
16.0
16.0
36.0
16.0
4.0
16.0
16.0
1.0
4.0
4.0
22.0
36.0
16.0
7.0
7.0
7.0
7.0
7.0
7.0
7.0
7.0
7.0
7.0
7.0
7.0
7.0
7.0
7.0
7.0
7.0
7.0
7.0
7.0
7.0
7.0
37.0
7.0
7.0
7.0
37.0
7.0
7.0
7.0
7.0
7.0
7.0
4.0
7.0
7.0
7.0
7.0
7.0
7.0
16.0
7.0
37.0
4.0
4.0
37.0
7.0
4.0
4.0
7.0
7.0
4.0
1.0
4.0
4.0
7.0
4.0
7.0
7.0
22.0
4.0
36.0
22.0
7.0
37.0
2.0
37.0
7.0
7.0
37.0
8.0
22.0
4.0
7.0
4.0
7.0
37.0
4.0
4.0
36.0
36.0
36.0
7.0
7.0
7.0
7.0
7.0
2.0
7.0
37.0
7.0
36.0
7.0
36.0
7.0
20.0
37.0
16.0
