3.0
43.0
36.0
20.0
10.0
43.0
36.0
36.0
36.0
36.0
36.0
8.0
16.0
26.0
8.0
20.0
20.0
8.0
4.0
4.0
16.0
4.0
8.0
8.0
8.0
10.0
10.0
8.0
10.0
10.0
8.0
16.0
8.0
16.0
16.0
16.0
8.0
4.0
16.0
16.0
4.0
16.0
16.0
20.0
20.0
20.0
3.0
16.0
4.0
4.0
4.0
3.0
26.0
4.0
4.0
8.0
3.0
4.0
8.0
16.0
4.0
43.0
4.0
20.0
20.0
20.0
4.0
10.0
4.0
10.0
36.0
36.0
36.0
36.0
16.0
20.0
20.0
8.0
20.0
10.0
43.0
10.0
43.0
20.0
10.0
4.0
10.0
36.0
8.0
8.0
43.0
10.0
10.0
20.0
16.0
10.0
3.0
8.0
20.0
20.0
8.0
8.0
43.0
10.0
20.0
8.0
3.0
8.0
37.0
8.0
4.0
3.0
3.0
8.0
3.0
8.0
8.0
10.0
10.0
8.0
10.0
36.0
10.0
10.0
10.0
10.0
10.0
10.0
10.0
10.0
8.0
10.0
10.0
10.0
10.0
10.0
10.0
10.0
10.0
10.0
10.0
36.0
43.0
43.0
36.0
37.0
43.0
43.0
43.0
10.0
37.0
43.0
4.0
10.0
37.0
16.0
16.0
43.0
4.0
3.0
36.0
4.0
3.0
10.0
3.0
3.0
16.0
37.0
3.0
10.0
16.0
4.0
8.0
36.0
10.0
10.0
10.0
10.0
10.0
10.0
36.0
10.0
10.0
10.0
10.0
10.0
10.0
16.0
16.0
16.0
16.0
36.0
20.0
4.0
20.0
20.0
36.0
3.0
3.0
8.0
36.0
43.0
10.0
10.0
10.0
10.0
10.0
10.0
10.0
10.0
10.0
10.0
10.0
10.0
10.0
10.0
10.0
10.0
10.0
10.0
10.0
10.0
10.0
10.0
10.0
10.0
10.0
10.0
10.0
10.0
10.0
10.0
10.0
10.0
10.0
4.0
10.0
10.0
10.0
10.0
10.0
10.0
16.0
10.0
37.0
4.0
3.0
10.0
10.0
4.0
4.0
10.0
10.0
4.0
36.0
4.0
4.0
10.0
4.0
10.0
10.0
8.0
3.0
36.0
8.0
10.0
10.0
3.0
10.0
10.0
10.0
10.0
26.0
8.0
4.0
10.0
4.0
10.0
10.0
4.0
4.0
43.0
36.0
36.0
10.0
10.0
10.0
10.0
10.0
3.0
10.0
37.0
10.0
43.0
10.0
36.0
10.0
20.0
10.0
4.0
