33.0
43.0
36.0
20.0
10.0
43.0
43.0
36.0
23.0
43.0
36.0
10.0
16.0
22.0
10.0
20.0
20.0
10.0
33.0
33.0
16.0
15.0
10.0
10.0
10.0
10.0
10.0
10.0
10.0
10.0
10.0
16.0
10.0
16.0
16.0
16.0
22.0
33.0
16.0
16.0
16.0
16.0
16.0
16.0
20.0
20.0
33.0
16.0
33.0
33.0
16.0
8.0
15.0
33.0
33.0
10.0
8.0
33.0
10.0
16.0
33.0
43.0
33.0
20.0
20.0
16.0
16.0
10.0
33.0
10.0
36.0
36.0
36.0
36.0
16.0
16.0
20.0
34.0
20.0
10.0
16.0
10.0
36.0
16.0
10.0
16.0
10.0
36.0
10.0
10.0
16.0
10.0
10.0
20.0
16.0
10.0
33.0
10.0
20.0
20.0
10.0
10.0
16.0
10.0
20.0
10.0
33.0
10.0
1.0
10.0
33.0
33.0
33.0
10.0
33.0
10.0
10.0
10.0
10.0
34.0
10.0
1.0
10.0
10.0
10.0
10.0
10.0
10.0
10.0
10.0
10.0
10.0
10.0
10.0
10.0
10.0
10.0
10.0
10.0
10.0
10.0
36.0
43.0
16.0
1.0
1.0
36.0
43.0
43.0
10.0
1.0
43.0
16.0
10.0
1.0
16.0
16.0
43.0
33.0
33.0
36.0
33.0
33.0
10.0
33.0
33.0
16.0
1.0
8.0
10.0
16.0
33.0
19.0
36.0
10.0
10.0
10.0
10.0
10.0
10.0
36.0
10.0
10.0
10.0
10.0
10.0
10.0
16.0
16.0
16.0
16.0
36.0
16.0
33.0
20.0
20.0
36.0
8.0
33.0
22.0
36.0
16.0
10.0
10.0
10.0
10.0
10.0
10.0
10.0
10.0
10.0
10.0
10.0
10.0
10.0
10.0
10.0
10.0
10.0
10.0
10.0
10.0
10.0
10.0
10.0
10.0
10.0
10.0
10.0
10.0
10.0
10.0
10.0
10.0
10.0
33.0
10.0
10.0
10.0
10.0
10.0
10.0
16.0
10.0
1.0
16.0
33.0
10.0
10.0
33.0
33.0
10.0
10.0
33.0
1.0
33.0
33.0
10.0
33.0
10.0
10.0
10.0
33.0
36.0
10.0
10.0
10.0
8.0
10.0
10.0
10.0
10.0
20.0
10.0
33.0
10.0
15.0
10.0
10.0
15.0
33.0
43.0
36.0
36.0
10.0
10.0
10.0
10.0
10.0
8.0
10.0
1.0
10.0
34.0
10.0
36.0
10.0
20.0
10.0
16.0
