33.0
43.0
1.0
20.0
38.0
43.0
1.0
36.0
37.0
43.0
36.0
22.0
20.0
20.0
22.0
20.0
20.0
22.0
4.0
4.0
20.0
4.0
8.0
8.0
8.0
38.0
37.0
8.0
38.0
38.0
8.0
20.0
22.0
20.0
20.0
20.0
22.0
4.0
20.0
4.0
4.0
20.0
20.0
20.0
20.0
20.0
33.0
20.0
33.0
33.0
20.0
2.0
22.0
33.0
33.0
22.0
2.0
33.0
22.0
20.0
33.0
43.0
33.0
20.0
20.0
20.0
20.0
38.0
33.0
38.0
36.0
1.0
1.0
36.0
20.0
20.0
20.0
3.0
20.0
38.0
43.0
37.0
43.0
20.0
38.0
4.0
38.0
36.0
22.0
8.0
43.0
38.0
37.0
20.0
20.0
38.0
33.0
22.0
20.0
20.0
8.0
22.0
43.0
38.0
20.0
8.0
33.0
8.0
37.0
22.0
33.0
33.0
33.0
22.0
2.0
22.0
22.0
38.0
37.0
3.0
37.0
1.0
38.0
38.0
38.0
38.0
38.0
38.0
38.0
38.0
22.0
38.0
38.0
38.0
38.0
38.0
38.0
38.0
38.0
38.0
38.0
36.0
43.0
43.0
1.0
1.0
36.0
43.0
43.0
37.0
37.0
43.0
4.0
38.0
1.0
4.0
20.0
43.0
33.0
33.0
36.0
33.0
33.0
38.0
33.0
33.0
20.0
1.0
33.0
37.0
20.0
33.0
8.0
1.0
38.0
37.0
38.0
38.0
38.0
38.0
1.0
38.0
38.0
38.0
38.0
37.0
38.0
20.0
20.0
20.0
20.0
1.0
20.0
4.0
20.0
20.0
1.0
33.0
33.0
22.0
36.0
20.0
38.0
38.0
38.0
38.0
38.0
38.0
38.0
38.0
38.0
38.0
38.0
38.0
38.0
38.0
38.0
38.0
38.0
38.0
38.0
38.0
38.0
38.0
37.0
38.0
38.0
38.0
37.0
38.0
38.0
38.0
38.0
38.0
38.0
33.0
38.0
38.0
38.0
38.0
38.0
38.0
20.0
38.0
1.0
4.0
33.0
37.0
38.0
33.0
33.0
38.0
38.0
33.0
1.0
33.0
4.0
38.0
33.0
38.0
38.0
22.0
33.0
1.0
22.0
38.0
37.0
2.0
37.0
38.0
38.0
37.0
20.0
22.0
33.0
38.0
4.0
38.0
37.0
4.0
4.0
43.0
36.0
36.0
38.0
38.0
38.0
38.0
38.0
33.0
38.0
37.0
38.0
43.0
38.0
36.0
38.0
20.0
37.0
20.0
