4.0
34.0
23.0
20.0
10.0
34.0
1.0
23.0
17.0
1.0
23.0
22.0
20.0
20.0
22.0
20.0
20.0
22.0
4.0
4.0
20.0
4.0
7.0
7.0
7.0
10.0
10.0
7.0
10.0
10.0
7.0
4.0
22.0
20.0
20.0
20.0
22.0
4.0
20.0
4.0
4.0
20.0
20.0
20.0
20.0
20.0
4.0
4.0
4.0
4.0
20.0
2.0
22.0
4.0
4.0
22.0
2.0
4.0
22.0
20.0
4.0
34.0
4.0
20.0
20.0
20.0
20.0
10.0
4.0
10.0
23.0
23.0
23.0
23.0
20.0
20.0
20.0
4.0
20.0
10.0
20.0
10.0
34.0
20.0
10.0
4.0
10.0
23.0
22.0
7.0
20.0
10.0
10.0
20.0
20.0
10.0
4.0
22.0
20.0
20.0
39.0
22.0
20.0
10.0
20.0
39.0
4.0
39.0
48.0
22.0
4.0
4.0
4.0
22.0
4.0
22.0
22.0
10.0
10.0
4.0
10.0
23.0
10.0
10.0
10.0
10.0
10.0
10.0
10.0
10.0
22.0
10.0
10.0
10.0
10.0
10.0
10.0
10.0
10.0
10.0
10.0
23.0
34.0
20.0
23.0
48.0
34.0
34.0
34.0
10.0
48.0
34.0
4.0
10.0
48.0
4.0
20.0
34.0
4.0
4.0
34.0
4.0
4.0
10.0
4.0
4.0
20.0
48.0
2.0
10.0
20.0
4.0
8.0
23.0
10.0
10.0
10.0
10.0
10.0
10.0
23.0
10.0
10.0
10.0
10.0
10.0
10.0
20.0
20.0
20.0
20.0
23.0
20.0
4.0
20.0
20.0
23.0
4.0
4.0
22.0
23.0
20.0
10.0
10.0
10.0
10.0
10.0
10.0
10.0
10.0
10.0
10.0
10.0
10.0
10.0
10.0
10.0
10.0
10.0
10.0
10.0
10.0
10.0
10.0
10.0
10.0
10.0
10.0
10.0
10.0
10.0
10.0
10.0
10.0
10.0
4.0
10.0
10.0
10.0
10.0
10.0
10.0
4.0
10.0
23.0
4.0
4.0
10.0
10.0
4.0
4.0
10.0
10.0
4.0
23.0
4.0
4.0
10.0
4.0
10.0
10.0
22.0
4.0
23.0
22.0
10.0
10.0
2.0
10.0
10.0
10.0
10.0
20.0
22.0
4.0
10.0
4.0
10.0
10.0
4.0
4.0
34.0
23.0
23.0
10.0
10.0
10.0
10.0
10.0
4.0
10.0
48.0
10.0
34.0
10.0
23.0
10.0
20.0
10.0
4.0
