4.0
43.0
1.0
16.0
10.0
43.0
37.0
1.0
37.0
37.0
43.0
22.0
16.0
26.0
22.0
20.0
16.0
2.0
4.0
4.0
16.0
4.0
29.0
29.0
29.0
10.0
10.0
29.0
10.0
10.0
29.0
16.0
2.0
16.0
16.0
16.0
22.0
4.0
16.0
16.0
4.0
16.0
16.0
16.0
16.0
16.0
4.0
16.0
4.0
4.0
16.0
4.0
26.0
4.0
4.0
22.0
2.0
4.0
2.0
16.0
4.0
43.0
4.0
16.0
16.0
16.0
16.0
10.0
4.0
10.0
1.0
1.0
1.0
1.0
16.0
16.0
16.0
8.0
16.0
10.0
43.0
10.0
43.0
16.0
10.0
4.0
10.0
1.0
2.0
29.0
43.0
10.0
10.0
20.0
16.0
10.0
4.0
2.0
16.0
20.0
29.0
2.0
43.0
10.0
16.0
29.0
4.0
29.0
37.0
22.0
4.0
4.0
4.0
2.0
4.0
2.0
22.0
10.0
10.0
3.0
10.0
37.0
10.0
10.0
10.0
10.0
10.0
10.0
10.0
10.0
2.0
10.0
10.0
10.0
10.0
10.0
10.0
10.0
10.0
10.0
10.0
1.0
43.0
43.0
37.0
37.0
31.0
43.0
43.0
10.0
37.0
43.0
4.0
10.0
37.0
16.0
16.0
43.0
4.0
4.0
31.0
4.0
4.0
10.0
4.0
4.0
16.0
37.0
4.0
10.0
16.0
4.0
10.0
1.0
10.0
10.0
10.0
10.0
10.0
10.0
1.0
10.0
10.0
10.0
10.0
10.0
10.0
16.0
16.0
16.0
16.0
1.0
16.0
4.0
20.0
20.0
37.0
4.0
4.0
22.0
1.0
43.0
10.0
10.0
10.0
10.0
10.0
10.0
10.0
10.0
10.0
10.0
10.0
10.0
10.0
10.0
10.0
10.0
10.0
10.0
10.0
10.0
10.0
10.0
10.0
10.0
10.0
10.0
10.0
10.0
10.0
10.0
10.0
10.0
10.0
4.0
10.0
10.0
10.0
10.0
10.0
10.0
16.0
10.0
37.0
4.0
4.0
10.0
10.0
4.0
4.0
10.0
10.0
4.0
37.0
4.0
4.0
10.0
4.0
10.0
10.0
22.0
4.0
1.0
22.0
10.0
10.0
4.0
10.0
10.0
10.0
37.0
20.0
22.0
4.0
10.0
4.0
10.0
37.0
4.0
4.0
43.0
1.0
1.0
10.0
10.0
10.0
10.0
10.0
4.0
10.0
37.0
10.0
43.0
10.0
1.0
10.0
26.0
10.0
16.0
