4.0
36.0
36.0
4.0
10.0
36.0
1.0
36.0
37.0
37.0
36.0
22.0
20.0
20.0
22.0
20.0
20.0
22.0
4.0
4.0
20.0
4.0
29.0
8.0
29.0
10.0
10.0
29.0
10.0
10.0
29.0
4.0
22.0
20.0
20.0
20.0
22.0
4.0
20.0
4.0
4.0
20.0
20.0
20.0
20.0
20.0
4.0
4.0
4.0
4.0
4.0
3.0
20.0
4.0
4.0
22.0
3.0
4.0
22.0
20.0
4.0
36.0
4.0
20.0
20.0
20.0
4.0
10.0
4.0
10.0
36.0
36.0
36.0
36.0
20.0
20.0
20.0
19.0
20.0
10.0
20.0
10.0
36.0
20.0
10.0
4.0
10.0
36.0
22.0
29.0
36.0
10.0
10.0
20.0
4.0
10.0
4.0
22.0
20.0
20.0
8.0
22.0
20.0
10.0
20.0
8.0
4.0
29.0
37.0
22.0
4.0
4.0
4.0
22.0
4.0
22.0
22.0
10.0
10.0
19.0
10.0
36.0
10.0
10.0
10.0
10.0
10.0
10.0
10.0
10.0
22.0
10.0
10.0
10.0
10.0
10.0
10.0
10.0
10.0
10.0
10.0
36.0
36.0
36.0
36.0
37.0
36.0
36.0
36.0
10.0
10.0
36.0
4.0
10.0
37.0
4.0
20.0
36.0
4.0
4.0
36.0
4.0
4.0
10.0
4.0
4.0
20.0
37.0
3.0
10.0
20.0
4.0
10.0
36.0
10.0
10.0
10.0
10.0
10.0
10.0
36.0
10.0
10.0
10.0
10.0
10.0
10.0
20.0
20.0
20.0
20.0
36.0
20.0
4.0
20.0
20.0
36.0
4.0
4.0
22.0
36.0
20.0
10.0
10.0
10.0
10.0
10.0
10.0
10.0
10.0
10.0
10.0
10.0
10.0
10.0
10.0
10.0
10.0
10.0
10.0
10.0
10.0
10.0
10.0
10.0
10.0
10.0
10.0
10.0
10.0
10.0
10.0
10.0
10.0
10.0
4.0
10.0
10.0
10.0
10.0
10.0
10.0
4.0
10.0
37.0
4.0
4.0
10.0
10.0
4.0
4.0
10.0
10.0
4.0
37.0
4.0
4.0
10.0
4.0
10.0
10.0
22.0
4.0
36.0
22.0
10.0
10.0
4.0
10.0
10.0
10.0
10.0
20.0
22.0
4.0
10.0
4.0
10.0
10.0
4.0
4.0
36.0
36.0
36.0
10.0
10.0
10.0
10.0
10.0
20.0
10.0
37.0
10.0
36.0
10.0
36.0
10.0
20.0
10.0
4.0
