4.0
14.0
36.0
20.0
37.0
43.0
37.0
36.0
37.0
37.0
36.0
22.0
16.0
20.0
22.0
20.0
20.0
10.0
4.0
4.0
16.0
4.0
10.0
10.0
10.0
37.0
37.0
10.0
37.0
37.0
10.0
16.0
10.0
16.0
16.0
16.0
22.0
4.0
16.0
16.0
4.0
16.0
16.0
20.0
20.0
20.0
4.0
16.0
4.0
4.0
4.0
15.0
15.0
4.0
4.0
22.0
8.0
4.0
10.0
16.0
4.0
14.0
4.0
20.0
20.0
20.0
16.0
37.0
4.0
37.0
36.0
36.0
36.0
36.0
16.0
20.0
20.0
4.0
20.0
37.0
16.0
37.0
36.0
20.0
37.0
4.0
37.0
36.0
10.0
10.0
16.0
37.0
37.0
20.0
16.0
37.0
4.0
22.0
20.0
20.0
10.0
22.0
16.0
37.0
20.0
10.0
4.0
10.0
37.0
22.0
4.0
4.0
4.0
10.0
4.0
10.0
22.0
37.0
37.0
8.0
37.0
37.0
37.0
37.0
37.0
37.0
37.0
37.0
37.0
37.0
22.0
37.0
37.0
37.0
37.0
37.0
37.0
37.0
37.0
37.0
37.0
36.0
14.0
16.0
37.0
37.0
36.0
14.0
14.0
37.0
37.0
14.0
4.0
37.0
37.0
16.0
16.0
14.0
4.0
4.0
36.0
4.0
4.0
37.0
4.0
4.0
16.0
37.0
15.0
37.0
16.0
4.0
10.0
1.0
37.0
37.0
37.0
37.0
37.0
37.0
1.0
37.0
37.0
37.0
37.0
37.0
37.0
16.0
16.0
16.0
16.0
36.0
20.0
4.0
20.0
20.0
37.0
4.0
4.0
22.0
36.0
16.0
37.0
37.0
37.0
37.0
37.0
37.0
37.0
37.0
37.0
37.0
37.0
37.0
37.0
37.0
37.0
37.0
37.0
37.0
37.0
37.0
37.0
37.0
37.0
37.0
37.0
37.0
37.0
37.0
37.0
37.0
37.0
37.0
37.0
4.0
37.0
37.0
37.0
37.0
37.0
37.0
4.0
37.0
37.0
4.0
4.0
37.0
37.0
4.0
4.0
37.0
37.0
4.0
37.0
4.0
4.0
37.0
4.0
37.0
37.0
22.0
4.0
36.0
22.0
37.0
37.0
4.0
37.0
37.0
37.0
37.0
20.0
22.0
4.0
37.0
4.0
37.0
37.0
4.0
4.0
14.0
36.0
36.0
37.0
37.0
37.0
37.0
37.0
4.0
37.0
37.0
37.0
14.0
37.0
36.0
37.0
20.0
37.0
16.0
