2.0
36.0
1.0
15.0
10.0
36.0
37.0
1.0
37.0
37.0
1.0
8.0
16.0
8.0
10.0
16.0
16.0
10.0
4.0
4.0
16.0
4.0
10.0
10.0
10.0
10.0
10.0
10.0
10.0
10.0
10.0
4.0
10.0
16.0
16.0
16.0
2.0
4.0
16.0
15.0
4.0
16.0
16.0
16.0
16.0
16.0
2.0
4.0
4.0
4.0
4.0
2.0
2.0
4.0
4.0
10.0
2.0
4.0
10.0
16.0
4.0
36.0
4.0
16.0
16.0
16.0
15.0
10.0
4.0
10.0
1.0
1.0
1.0
1.0
16.0
16.0
16.0
22.0
16.0
10.0
36.0
10.0
1.0
16.0
10.0
4.0
10.0
1.0
10.0
10.0
36.0
10.0
10.0
16.0
16.0
10.0
2.0
10.0
16.0
16.0
10.0
10.0
36.0
10.0
16.0
10.0
2.0
10.0
37.0
10.0
4.0
2.0
2.0
10.0
2.0
10.0
10.0
10.0
10.0
22.0
10.0
1.0
10.0
10.0
10.0
10.0
10.0
10.0
10.0
10.0
10.0
10.0
10.0
10.0
10.0
10.0
10.0
10.0
10.0
10.0
10.0
1.0
36.0
36.0
1.0
37.0
36.0
36.0
36.0
10.0
37.0
36.0
4.0
10.0
37.0
15.0
16.0
36.0
4.0
2.0
1.0
4.0
2.0
10.0
2.0
2.0
16.0
37.0
2.0
10.0
16.0
4.0
8.0
1.0
10.0
10.0
10.0
10.0
10.0
10.0
1.0
10.0
10.0
10.0
10.0
10.0
10.0
16.0
16.0
16.0
16.0
1.0
16.0
4.0
16.0
16.0
1.0
2.0
2.0
2.0
1.0
16.0
10.0
10.0
10.0
10.0
10.0
10.0
10.0
10.0
10.0
10.0
10.0
10.0
10.0
10.0
10.0
10.0
10.0
10.0
10.0
10.0
10.0
10.0
10.0
10.0
10.0
10.0
10.0
10.0
10.0
10.0
10.0
10.0
10.0
4.0
10.0
10.0
10.0
10.0
10.0
10.0
4.0
10.0
37.0
4.0
2.0
10.0
10.0
4.0
4.0
10.0
10.0
4.0
1.0
4.0
4.0
10.0
4.0
10.0
10.0
10.0
2.0
1.0
10.0
10.0
10.0
2.0
10.0
10.0
10.0
37.0
8.0
10.0
4.0
10.0
4.0
10.0
37.0
4.0
4.0
36.0
1.0
1.0
10.0
10.0
10.0
10.0
10.0
2.0
10.0
37.0
10.0
36.0
10.0
1.0
10.0
15.0
10.0
15.0
