15.0
36.0
23.0
16.0
10.0
20.0
37.0
36.0
37.0
43.0
36.0
22.0
16.0
26.0
29.0
20.0
20.0
29.0
15.0
15.0
16.0
16.0
29.0
29.0
29.0
10.0
10.0
29.0
10.0
10.0
29.0
16.0
29.0
16.0
16.0
16.0
22.0
16.0
16.0
16.0
16.0
16.0
16.0
16.0
16.0
16.0
15.0
16.0
15.0
15.0
16.0
15.0
15.0
15.0
15.0
2.0
15.0
15.0
29.0
16.0
15.0
43.0
15.0
16.0
20.0
16.0
16.0
10.0
15.0
10.0
36.0
23.0
23.0
36.0
16.0
16.0
16.0
15.0
16.0
10.0
16.0
10.0
36.0
16.0
10.0
16.0
10.0
36.0
29.0
29.0
16.0
10.0
10.0
20.0
16.0
10.0
15.0
29.0
16.0
16.0
29.0
29.0
16.0
10.0
16.0
29.0
15.0
29.0
37.0
22.0
15.0
15.0
15.0
29.0
15.0
29.0
29.0
10.0
10.0
43.0
10.0
37.0
10.0
10.0
10.0
10.0
10.0
10.0
10.0
10.0
29.0
10.0
10.0
10.0
10.0
10.0
10.0
10.0
10.0
10.0
10.0
36.0
36.0
16.0
23.0
37.0
36.0
36.0
43.0
10.0
37.0
43.0
16.0
10.0
37.0
16.0
16.0
36.0
15.0
15.0
36.0
15.0
15.0
10.0
15.0
15.0
16.0
37.0
15.0
10.0
16.0
15.0
43.0
23.0
10.0
10.0
10.0
10.0
10.0
10.0
23.0
10.0
10.0
10.0
10.0
10.0
10.0
16.0
16.0
16.0
16.0
23.0
16.0
16.0
20.0
20.0
23.0
15.0
15.0
22.0
36.0
16.0
10.0
10.0
10.0
10.0
10.0
10.0
10.0
10.0
10.0
10.0
10.0
10.0
10.0
10.0
10.0
10.0
10.0
10.0
10.0
10.0
10.0
10.0
10.0
10.0
10.0
10.0
10.0
10.0
10.0
10.0
10.0
10.0
10.0
15.0
10.0
10.0
10.0
10.0
10.0
10.0
16.0
10.0
37.0
16.0
15.0
10.0
10.0
15.0
15.0
10.0
10.0
15.0
37.0
15.0
15.0
10.0
15.0
10.0
10.0
2.0
15.0
36.0
2.0
10.0
10.0
15.0
10.0
10.0
10.0
10.0
8.0
2.0
15.0
10.0
15.0
10.0
10.0
15.0
15.0
43.0
36.0
36.0
10.0
10.0
10.0
10.0
10.0
15.0
10.0
37.0
10.0
36.0
10.0
36.0
10.0
26.0
10.0
16.0
