3.0
43.0
36.0
20.0
10.0
43.0
43.0
36.0
36.0
43.0
36.0
22.0
20.0
20.0
22.0
20.0
20.0
29.0
3.0
3.0
20.0
3.0
29.0
29.0
29.0
10.0
10.0
29.0
10.0
10.0
29.0
3.0
29.0
20.0
20.0
20.0
22.0
3.0
15.0
3.0
3.0
15.0
20.0
20.0
20.0
20.0
3.0
3.0
3.0
3.0
20.0
3.0
3.0
3.0
3.0
22.0
3.0
3.0
29.0
20.0
3.0
43.0
3.0
20.0
20.0
20.0
20.0
10.0
3.0
10.0
36.0
36.0
36.0
36.0
20.0
20.0
20.0
43.0
20.0
10.0
43.0
10.0
43.0
20.0
10.0
3.0
10.0
36.0
29.0
29.0
43.0
10.0
10.0
20.0
20.0
10.0
3.0
22.0
20.0
20.0
29.0
22.0
43.0
10.0
20.0
29.0
3.0
29.0
37.0
22.0
3.0
3.0
3.0
29.0
3.0
29.0
22.0
10.0
10.0
43.0
10.0
36.0
10.0
10.0
10.0
10.0
10.0
10.0
10.0
10.0
22.0
10.0
10.0
10.0
10.0
10.0
10.0
10.0
10.0
10.0
10.0
36.0
43.0
43.0
36.0
10.0
36.0
43.0
43.0
10.0
10.0
43.0
3.0
10.0
10.0
3.0
20.0
43.0
3.0
3.0
36.0
3.0
3.0
10.0
3.0
3.0
43.0
37.0
3.0
10.0
15.0
3.0
8.0
36.0
10.0
10.0
10.0
10.0
10.0
10.0
36.0
10.0
10.0
10.0
10.0
10.0
10.0
20.0
20.0
20.0
20.0
36.0
20.0
3.0
20.0
20.0
36.0
3.0
3.0
22.0
36.0
43.0
10.0
10.0
10.0
10.0
10.0
10.0
10.0
10.0
10.0
10.0
10.0
10.0
10.0
10.0
10.0
10.0
10.0
10.0
10.0
10.0
10.0
10.0
10.0
10.0
10.0
10.0
10.0
10.0
10.0
10.0
10.0
10.0
10.0
3.0
10.0
10.0
10.0
10.0
10.0
10.0
3.0
10.0
37.0
3.0
3.0
10.0
10.0
3.0
3.0
10.0
10.0
3.0
37.0
3.0
3.0
10.0
3.0
10.0
10.0
22.0
3.0
36.0
22.0
10.0
10.0
3.0
10.0
10.0
10.0
10.0
8.0
22.0
3.0
10.0
3.0
10.0
10.0
3.0
3.0
43.0
36.0
36.0
10.0
10.0
10.0
10.0
10.0
3.0
10.0
10.0
10.0
43.0
10.0
36.0
10.0
20.0
10.0
3.0
