2.0
16.0
23.0
20.0
10.0
16.0
1.0
23.0
1.0
1.0
23.0
26.0
16.0
26.0
2.0
20.0
20.0
2.0
4.0
4.0
16.0
20.0
29.0
29.0
29.0
10.0
10.0
29.0
10.0
10.0
29.0
16.0
2.0
16.0
16.0
16.0
2.0
4.0
16.0
16.0
4.0
16.0
16.0
20.0
20.0
20.0
2.0
16.0
33.0
2.0
16.0
2.0
26.0
2.0
2.0
2.0
2.0
33.0
2.0
16.0
2.0
16.0
2.0
20.0
20.0
20.0
20.0
10.0
33.0
10.0
23.0
23.0
23.0
23.0
16.0
20.0
20.0
4.0
20.0
10.0
16.0
10.0
23.0
20.0
10.0
16.0
10.0
23.0
2.0
29.0
16.0
10.0
10.0
20.0
16.0
10.0
2.0
2.0
20.0
20.0
29.0
2.0
16.0
10.0
20.0
29.0
2.0
29.0
23.0
2.0
2.0
2.0
2.0
2.0
2.0
2.0
2.0
10.0
10.0
4.0
10.0
23.0
10.0
10.0
10.0
10.0
10.0
10.0
10.0
10.0
2.0
10.0
10.0
10.0
10.0
10.0
10.0
10.0
10.0
10.0
10.0
23.0
16.0
16.0
23.0
23.0
23.0
16.0
16.0
10.0
10.0
16.0
4.0
10.0
37.0
16.0
16.0
16.0
2.0
2.0
23.0
2.0
2.0
10.0
2.0
2.0
16.0
23.0
2.0
10.0
16.0
2.0
26.0
23.0
10.0
10.0
10.0
10.0
10.0
10.0
23.0
10.0
10.0
10.0
10.0
10.0
10.0
16.0
16.0
16.0
16.0
23.0
20.0
4.0
20.0
20.0
23.0
2.0
2.0
2.0
23.0
16.0
10.0
10.0
10.0
10.0
10.0
10.0
10.0
10.0
10.0
10.0
10.0
10.0
10.0
10.0
10.0
10.0
10.0
10.0
10.0
10.0
10.0
10.0
10.0
10.0
10.0
10.0
10.0
10.0
10.0
10.0
10.0
10.0
10.0
33.0
10.0
10.0
10.0
10.0
10.0
10.0
16.0
10.0
23.0
4.0
2.0
10.0
10.0
33.0
33.0
10.0
10.0
33.0
23.0
4.0
4.0
10.0
2.0
10.0
10.0
2.0
2.0
23.0
2.0
10.0
10.0
2.0
10.0
10.0
10.0
10.0
20.0
2.0
33.0
10.0
20.0
10.0
10.0
20.0
4.0
16.0
23.0
23.0
10.0
10.0
10.0
10.0
10.0
2.0
10.0
37.0
10.0
16.0
10.0
23.0
10.0
26.0
10.0
16.0
