15.0
36.0
36.0
20.0
10.0
36.0
43.0
36.0
23.0
43.0
36.0
2.0
20.0
26.0
2.0
20.0
20.0
2.0
15.0
15.0
20.0
15.0
29.0
29.0
29.0
10.0
10.0
29.0
10.0
10.0
29.0
15.0
2.0
20.0
20.0
20.0
2.0
15.0
5.0
15.0
15.0
5.0
5.0
20.0
20.0
20.0
15.0
15.0
15.0
15.0
20.0
15.0
15.0
15.0
15.0
2.0
15.0
15.0
2.0
5.0
15.0
36.0
15.0
20.0
20.0
20.0
20.0
10.0
15.0
10.0
36.0
36.0
36.0
36.0
20.0
20.0
20.0
8.0
20.0
10.0
20.0
10.0
36.0
20.0
10.0
15.0
10.0
36.0
2.0
29.0
36.0
10.0
10.0
20.0
15.0
10.0
15.0
2.0
20.0
20.0
29.0
2.0
36.0
10.0
20.0
29.0
15.0
29.0
23.0
2.0
15.0
15.0
15.0
2.0
15.0
2.0
2.0
10.0
10.0
43.0
10.0
1.0
10.0
10.0
10.0
10.0
10.0
10.0
10.0
10.0
2.0
10.0
10.0
10.0
10.0
10.0
10.0
10.0
10.0
10.0
10.0
36.0
36.0
36.0
1.0
23.0
36.0
36.0
36.0
10.0
10.0
36.0
15.0
10.0
23.0
15.0
5.0
36.0
15.0
15.0
36.0
15.0
15.0
10.0
15.0
15.0
20.0
23.0
15.0
10.0
5.0
15.0
8.0
1.0
10.0
10.0
10.0
10.0
10.0
10.0
36.0
10.0
10.0
10.0
10.0
10.0
10.0
20.0
20.0
20.0
20.0
36.0
20.0
15.0
20.0
20.0
1.0
15.0
15.0
2.0
36.0
43.0
10.0
10.0
10.0
10.0
10.0
10.0
10.0
10.0
10.0
10.0
10.0
10.0
10.0
10.0
10.0
10.0
10.0
10.0
10.0
10.0
10.0
10.0
10.0
10.0
10.0
10.0
10.0
10.0
10.0
10.0
10.0
10.0
10.0
15.0
10.0
10.0
10.0
10.0
10.0
10.0
15.0
10.0
1.0
15.0
15.0
10.0
10.0
15.0
15.0
10.0
10.0
15.0
1.0
15.0
15.0
10.0
15.0
10.0
10.0
2.0
15.0
36.0
2.0
10.0
10.0
15.0
10.0
10.0
10.0
10.0
26.0
2.0
15.0
10.0
15.0
10.0
10.0
15.0
15.0
36.0
36.0
36.0
10.0
10.0
10.0
10.0
10.0
15.0
10.0
23.0
10.0
36.0
10.0
36.0
10.0
26.0
10.0
15.0
