4.0
43.0
23.0
4.0
10.0
43.0
23.0
23.0
23.0
43.0
23.0
22.0
16.0
22.0
22.0
16.0
16.0
22.0
4.0
4.0
16.0
4.0
22.0
8.0
22.0
10.0
10.0
22.0
10.0
10.0
8.0
16.0
22.0
16.0
16.0
16.0
22.0
4.0
16.0
16.0
4.0
16.0
16.0
16.0
16.0
16.0
4.0
16.0
4.0
4.0
4.0
4.0
22.0
4.0
4.0
22.0
2.0
4.0
22.0
16.0
4.0
43.0
4.0
16.0
16.0
16.0
4.0
10.0
4.0
10.0
23.0
23.0
23.0
23.0
16.0
16.0
16.0
8.0
16.0
10.0
16.0
10.0
23.0
16.0
10.0
4.0
10.0
23.0
22.0
22.0
16.0
10.0
10.0
16.0
16.0
10.0
33.0
22.0
16.0
16.0
8.0
22.0
16.0
10.0
16.0
8.0
4.0
22.0
23.0
22.0
4.0
4.0
33.0
22.0
33.0
22.0
22.0
10.0
10.0
8.0
10.0
23.0
10.0
10.0
10.0
10.0
10.0
10.0
10.0
10.0
22.0
10.0
10.0
10.0
10.0
10.0
10.0
10.0
10.0
10.0
10.0
23.0
43.0
16.0
23.0
23.0
23.0
43.0
43.0
10.0
10.0
43.0
4.0
10.0
23.0
16.0
16.0
43.0
4.0
4.0
23.0
4.0
4.0
10.0
4.0
4.0
16.0
23.0
4.0
10.0
16.0
4.0
8.0
23.0
10.0
10.0
10.0
10.0
10.0
10.0
23.0
10.0
10.0
10.0
10.0
10.0
10.0
16.0
16.0
16.0
16.0
23.0
16.0
4.0
16.0
16.0
23.0
4.0
4.0
22.0
23.0
16.0
10.0
10.0
10.0
10.0
10.0
10.0
10.0
10.0
10.0
10.0
10.0
10.0
10.0
10.0
10.0
10.0
10.0
10.0
10.0
10.0
10.0
10.0
10.0
10.0
10.0
10.0
10.0
10.0
10.0
10.0
10.0
10.0
10.0
4.0
10.0
10.0
10.0
10.0
10.0
10.0
4.0
10.0
23.0
4.0
33.0
10.0
10.0
4.0
4.0
10.0
10.0
4.0
23.0
4.0
4.0
10.0
4.0
10.0
10.0
22.0
4.0
23.0
22.0
10.0
10.0
2.0
10.0
10.0
10.0
10.0
16.0
22.0
4.0
10.0
4.0
10.0
10.0
4.0
4.0
43.0
23.0
23.0
10.0
10.0
10.0
10.0
10.0
4.0
10.0
10.0
10.0
43.0
10.0
23.0
10.0
4.0
10.0
4.0
