33.0
6.0
23.0
20.0
10.0
6.0
1.0
23.0
1.0
43.0
23.0
2.0
16.0
22.0
2.0
20.0
20.0
2.0
33.0
33.0
16.0
33.0
29.0
29.0
29.0
10.0
10.0
29.0
10.0
10.0
29.0
16.0
2.0
16.0
16.0
16.0
2.0
33.0
16.0
16.0
33.0
16.0
16.0
20.0
20.0
20.0
33.0
33.0
33.0
33.0
20.0
33.0
20.0
33.0
33.0
2.0
2.0
33.0
2.0
16.0
33.0
6.0
33.0
20.0
20.0
20.0
20.0
10.0
33.0
10.0
23.0
23.0
23.0
23.0
20.0
20.0
20.0
8.0
20.0
10.0
6.0
10.0
23.0
20.0
10.0
33.0
10.0
23.0
2.0
29.0
6.0
10.0
10.0
20.0
20.0
10.0
33.0
2.0
20.0
20.0
29.0
2.0
6.0
10.0
20.0
29.0
33.0
29.0
37.0
2.0
33.0
33.0
33.0
2.0
33.0
2.0
2.0
10.0
10.0
34.0
10.0
1.0
10.0
10.0
10.0
10.0
10.0
10.0
10.0
10.0
2.0
10.0
10.0
10.0
10.0
10.0
10.0
10.0
10.0
10.0
10.0
23.0
6.0
6.0
1.0
37.0
23.0
6.0
6.0
10.0
10.0
6.0
33.0
10.0
1.0
16.0
16.0
6.0
33.0
33.0
23.0
33.0
33.0
10.0
33.0
33.0
16.0
37.0
33.0
10.0
16.0
33.0
43.0
23.0
10.0
10.0
10.0
10.0
10.0
10.0
23.0
10.0
10.0
10.0
10.0
10.0
10.0
16.0
16.0
20.0
20.0
23.0
20.0
33.0
20.0
20.0
23.0
33.0
33.0
2.0
23.0
16.0
10.0
10.0
10.0
10.0
10.0
10.0
10.0
10.0
10.0
10.0
10.0
10.0
10.0
10.0
10.0
10.0
10.0
10.0
10.0
10.0
10.0
10.0
10.0
10.0
10.0
10.0
10.0
10.0
10.0
10.0
10.0
10.0
10.0
33.0
10.0
10.0
10.0
10.0
10.0
10.0
33.0
10.0
37.0
33.0
33.0
10.0
10.0
33.0
33.0
10.0
10.0
33.0
1.0
33.0
33.0
10.0
33.0
10.0
10.0
2.0
33.0
23.0
2.0
10.0
10.0
2.0
10.0
10.0
10.0
10.0
20.0
2.0
33.0
10.0
33.0
10.0
10.0
33.0
33.0
6.0
23.0
23.0
10.0
10.0
10.0
10.0
10.0
33.0
10.0
1.0
10.0
6.0
10.0
23.0
10.0
20.0
10.0
33.0
