33.0
6.0
1.0
16.0
10.0
6.0
1.0
1.0
37.0
1.0
6.0
2.0
16.0
20.0
2.0
20.0
16.0
2.0
33.0
33.0
16.0
33.0
10.0
10.0
10.0
10.0
10.0
10.0
10.0
10.0
10.0
16.0
2.0
16.0
16.0
16.0
2.0
33.0
16.0
16.0
33.0
16.0
16.0
16.0
16.0
16.0
33.0
16.0
33.0
33.0
16.0
2.0
2.0
33.0
33.0
2.0
2.0
33.0
2.0
16.0
33.0
6.0
33.0
16.0
16.0
16.0
16.0
10.0
33.0
10.0
1.0
1.0
1.0
1.0
16.0
16.0
16.0
15.0
16.0
10.0
14.0
10.0
6.0
16.0
10.0
33.0
10.0
1.0
2.0
10.0
6.0
10.0
10.0
16.0
16.0
10.0
33.0
2.0
16.0
20.0
10.0
2.0
14.0
10.0
16.0
10.0
33.0
2.0
37.0
2.0
33.0
33.0
33.0
2.0
33.0
2.0
2.0
10.0
10.0
15.0
10.0
1.0
10.0
10.0
10.0
10.0
10.0
10.0
10.0
10.0
2.0
10.0
10.0
10.0
10.0
10.0
10.0
10.0
10.0
10.0
10.0
1.0
6.0
14.0
1.0
37.0
6.0
6.0
6.0
10.0
37.0
6.0
33.0
10.0
37.0
16.0
16.0
6.0
33.0
33.0
6.0
33.0
33.0
10.0
33.0
33.0
16.0
37.0
33.0
10.0
16.0
33.0
7.0
1.0
10.0
10.0
10.0
10.0
10.0
10.0
1.0
10.0
10.0
10.0
10.0
10.0
10.0
16.0
16.0
16.0
16.0
1.0
16.0
33.0
20.0
16.0
1.0
33.0
33.0
2.0
1.0
14.0
10.0
10.0
10.0
10.0
10.0
10.0
10.0
10.0
10.0
10.0
10.0
10.0
10.0
10.0
10.0
10.0
10.0
10.0
10.0
10.0
10.0
10.0
10.0
10.0
10.0
10.0
10.0
10.0
10.0
10.0
10.0
10.0
10.0
33.0
10.0
10.0
10.0
10.0
10.0
10.0
16.0
10.0
37.0
33.0
33.0
10.0
10.0
33.0
33.0
10.0
10.0
33.0
37.0
33.0
33.0
10.0
33.0
10.0
10.0
2.0
33.0
1.0
2.0
10.0
10.0
33.0
10.0
10.0
10.0
10.0
16.0
2.0
33.0
10.0
33.0
10.0
10.0
33.0
33.0
6.0
1.0
1.0
10.0
10.0
10.0
10.0
10.0
33.0
10.0
37.0
10.0
6.0
10.0
1.0
10.0
20.0
10.0
16.0
