4.0
43.0
23.0
4.0
10.0
43.0
43.0
36.0
43.0
43.0
36.0
22.0
16.0
22.0
22.0
20.0
20.0
22.0
4.0
4.0
16.0
4.0
29.0
29.0
29.0
10.0
10.0
29.0
10.0
10.0
29.0
4.0
22.0
16.0
16.0
16.0
22.0
4.0
16.0
16.0
4.0
16.0
16.0
20.0
20.0
20.0
4.0
4.0
4.0
4.0
4.0
2.0
22.0
4.0
4.0
22.0
2.0
4.0
22.0
16.0
4.0
43.0
4.0
20.0
20.0
20.0
4.0
10.0
4.0
10.0
36.0
23.0
23.0
36.0
20.0
20.0
20.0
34.0
20.0
10.0
16.0
10.0
36.0
20.0
10.0
4.0
10.0
36.0
22.0
29.0
16.0
10.0
10.0
20.0
4.0
10.0
4.0
22.0
20.0
20.0
29.0
22.0
16.0
10.0
20.0
29.0
4.0
29.0
23.0
22.0
4.0
4.0
4.0
22.0
4.0
22.0
22.0
10.0
10.0
34.0
10.0
23.0
10.0
10.0
10.0
10.0
10.0
10.0
10.0
10.0
22.0
10.0
10.0
10.0
10.0
10.0
10.0
10.0
10.0
10.0
10.0
36.0
43.0
16.0
23.0
23.0
36.0
43.0
43.0
10.0
10.0
43.0
4.0
10.0
23.0
16.0
16.0
43.0
4.0
4.0
36.0
4.0
4.0
10.0
4.0
4.0
16.0
23.0
2.0
10.0
16.0
4.0
8.0
23.0
10.0
10.0
10.0
10.0
10.0
10.0
23.0
10.0
10.0
10.0
10.0
10.0
10.0
20.0
20.0
20.0
20.0
23.0
20.0
4.0
20.0
20.0
23.0
4.0
4.0
22.0
36.0
16.0
10.0
10.0
10.0
10.0
10.0
10.0
10.0
10.0
10.0
10.0
10.0
10.0
10.0
10.0
10.0
10.0
10.0
10.0
10.0
10.0
10.0
10.0
10.0
10.0
10.0
10.0
10.0
10.0
10.0
10.0
10.0
10.0
10.0
4.0
10.0
10.0
10.0
10.0
10.0
10.0
4.0
10.0
23.0
4.0
4.0
10.0
10.0
4.0
4.0
10.0
10.0
4.0
23.0
4.0
4.0
10.0
4.0
10.0
10.0
22.0
4.0
23.0
22.0
10.0
10.0
2.0
10.0
10.0
10.0
10.0
20.0
22.0
4.0
10.0
4.0
10.0
10.0
4.0
4.0
43.0
36.0
36.0
10.0
10.0
10.0
10.0
10.0
4.0
10.0
10.0
10.0
43.0
10.0
36.0
10.0
20.0
10.0
4.0
