2.0
1.0
1.0
16.0
10.0
1.0
1.0
1.0
1.0
1.0
1.0
2.0
16.0
2.0
2.0
16.0
16.0
2.0
33.0
33.0
16.0
16.0
8.0
8.0
8.0
10.0
10.0
8.0
10.0
10.0
8.0
16.0
2.0
16.0
16.0
16.0
2.0
33.0
16.0
16.0
33.0
16.0
16.0
16.0
16.0
16.0
2.0
16.0
33.0
33.0
16.0
2.0
2.0
33.0
33.0
2.0
2.0
33.0
2.0
16.0
33.0
1.0
33.0
16.0
16.0
16.0
16.0
10.0
33.0
10.0
1.0
1.0
1.0
1.0
16.0
16.0
16.0
8.0
16.0
10.0
16.0
10.0
1.0
16.0
10.0
16.0
10.0
1.0
2.0
8.0
16.0
10.0
10.0
16.0
16.0
10.0
2.0
2.0
16.0
16.0
8.0
2.0
16.0
10.0
16.0
8.0
2.0
8.0
1.0
2.0
33.0
2.0
2.0
2.0
2.0
2.0
2.0
10.0
10.0
8.0
10.0
1.0
10.0
10.0
10.0
10.0
10.0
10.0
10.0
10.0
2.0
10.0
10.0
10.0
10.0
10.0
10.0
10.0
10.0
10.0
10.0
1.0
1.0
16.0
1.0
1.0
1.0
1.0
16.0
10.0
37.0
16.0
33.0
10.0
1.0
16.0
16.0
1.0
33.0
2.0
1.0
33.0
2.0
10.0
2.0
2.0
16.0
1.0
2.0
10.0
16.0
33.0
8.0
1.0
10.0
10.0
10.0
10.0
10.0
10.0
1.0
10.0
10.0
10.0
10.0
10.0
10.0
16.0
16.0
16.0
16.0
1.0
16.0
33.0
16.0
16.0
1.0
2.0
2.0
2.0
1.0
16.0
10.0
10.0
10.0
10.0
10.0
10.0
10.0
10.0
10.0
10.0
10.0
10.0
10.0
10.0
10.0
10.0
10.0
10.0
10.0
10.0
10.0
10.0
10.0
10.0
10.0
10.0
10.0
10.0
10.0
10.0
10.0
10.0
10.0
33.0
10.0
10.0
10.0
10.0
10.0
10.0
16.0
10.0
1.0
33.0
2.0
10.0
10.0
33.0
33.0
10.0
10.0
33.0
1.0
33.0
33.0
10.0
33.0
10.0
10.0
2.0
2.0
1.0
2.0
10.0
10.0
2.0
10.0
10.0
10.0
10.0
16.0
2.0
33.0
10.0
16.0
10.0
10.0
16.0
33.0
1.0
1.0
1.0
10.0
10.0
10.0
10.0
10.0
2.0
10.0
1.0
10.0
1.0
10.0
1.0
10.0
20.0
10.0
16.0
