33.0
36.0
36.0
20.0
37.0
36.0
37.0
36.0
37.0
37.0
36.0
22.0
16.0
20.0
22.0
20.0
20.0
22.0
33.0
33.0
16.0
33.0
8.0
8.0
8.0
37.0
37.0
8.0
45.0
45.0
8.0
20.0
22.0
20.0
20.0
20.0
22.0
33.0
16.0
33.0
33.0
16.0
16.0
20.0
20.0
20.0
33.0
20.0
33.0
33.0
20.0
33.0
33.0
33.0
33.0
22.0
22.0
33.0
22.0
20.0
33.0
36.0
33.0
20.0
20.0
20.0
20.0
37.0
33.0
37.0
36.0
36.0
36.0
36.0
20.0
20.0
20.0
16.0
20.0
45.0
16.0
37.0
36.0
20.0
45.0
33.0
37.0
36.0
22.0
8.0
16.0
37.0
37.0
20.0
20.0
37.0
33.0
22.0
20.0
20.0
10.0
22.0
16.0
45.0
20.0
10.0
33.0
22.0
37.0
22.0
33.0
33.0
33.0
22.0
33.0
22.0
22.0
45.0
37.0
22.0
37.0
36.0
45.0
45.0
45.0
45.0
45.0
45.0
45.0
45.0
22.0
45.0
45.0
45.0
45.0
45.0
45.0
45.0
45.0
45.0
45.0
36.0
36.0
16.0
36.0
37.0
36.0
36.0
36.0
37.0
37.0
36.0
33.0
37.0
37.0
15.0
20.0
36.0
33.0
33.0
36.0
33.0
33.0
45.0
33.0
33.0
16.0
37.0
33.0
37.0
16.0
33.0
10.0
36.0
37.0
37.0
45.0
45.0
45.0
45.0
36.0
45.0
45.0
45.0
37.0
37.0
45.0
20.0
20.0
20.0
20.0
36.0
20.0
33.0
20.0
20.0
36.0
33.0
33.0
22.0
36.0
16.0
45.0
45.0
45.0
45.0
45.0
45.0
45.0
45.0
45.0
45.0
45.0
37.0
45.0
45.0
45.0
45.0
37.0
37.0
45.0
45.0
45.0
45.0
37.0
37.0
37.0
37.0
37.0
45.0
37.0
37.0
45.0
45.0
37.0
33.0
45.0
45.0
45.0
45.0
45.0
45.0
33.0
37.0
37.0
33.0
33.0
37.0
45.0
33.0
33.0
45.0
45.0
33.0
37.0
33.0
33.0
45.0
33.0
37.0
37.0
22.0
33.0
36.0
22.0
37.0
37.0
33.0
37.0
45.0
37.0
37.0
20.0
22.0
33.0
45.0
33.0
45.0
37.0
33.0
33.0
36.0
36.0
36.0
45.0
37.0
45.0
37.0
45.0
33.0
37.0
37.0
45.0
36.0
45.0
36.0
45.0
20.0
37.0
20.0
