3.0
1.0
1.0
20.0
10.0
20.0
1.0
1.0
37.0
20.0
20.0
2.0
20.0
22.0
29.0
20.0
20.0
29.0
15.0
3.0
20.0
20.0
29.0
29.0
29.0
10.0
10.0
29.0
10.0
10.0
29.0
20.0
29.0
20.0
20.0
20.0
22.0
15.0
20.0
20.0
15.0
20.0
20.0
20.0
20.0
20.0
3.0
20.0
3.0
3.0
20.0
3.0
22.0
3.0
3.0
2.0
3.0
3.0
29.0
20.0
3.0
20.0
3.0
20.0
20.0
20.0
20.0
10.0
3.0
10.0
1.0
1.0
1.0
1.0
20.0
20.0
20.0
34.0
20.0
10.0
20.0
10.0
1.0
20.0
10.0
15.0
10.0
1.0
29.0
29.0
20.0
10.0
10.0
20.0
20.0
10.0
3.0
2.0
20.0
20.0
8.0
29.0
20.0
10.0
20.0
8.0
3.0
29.0
37.0
2.0
3.0
3.0
3.0
29.0
3.0
29.0
29.0
10.0
10.0
34.0
10.0
1.0
10.0
10.0
10.0
10.0
10.0
10.0
10.0
10.0
2.0
10.0
10.0
10.0
10.0
10.0
10.0
10.0
10.0
10.0
10.0
1.0
1.0
20.0
1.0
37.0
1.0
1.0
20.0
10.0
10.0
1.0
15.0
10.0
37.0
20.0
20.0
1.0
3.0
3.0
1.0
3.0
3.0
10.0
3.0
3.0
20.0
37.0
3.0
10.0
20.0
3.0
8.0
1.0
10.0
10.0
10.0
10.0
10.0
10.0
1.0
10.0
10.0
10.0
10.0
10.0
10.0
20.0
20.0
20.0
20.0
1.0
20.0
15.0
20.0
20.0
1.0
3.0
3.0
22.0
1.0
20.0
10.0
10.0
10.0
10.0
10.0
10.0
10.0
10.0
10.0
10.0
10.0
10.0
10.0
10.0
10.0
10.0
10.0
10.0
10.0
10.0
10.0
10.0
10.0
10.0
10.0
10.0
10.0
10.0
10.0
10.0
10.0
10.0
10.0
3.0
10.0
10.0
10.0
10.0
10.0
10.0
20.0
10.0
37.0
15.0
3.0
10.0
10.0
3.0
3.0
10.0
10.0
3.0
37.0
3.0
3.0
10.0
3.0
10.0
10.0
2.0
3.0
1.0
2.0
10.0
10.0
3.0
10.0
10.0
10.0
10.0
26.0
2.0
3.0
10.0
20.0
10.0
10.0
20.0
3.0
20.0
1.0
1.0
10.0
10.0
10.0
10.0
10.0
3.0
10.0
37.0
10.0
1.0
10.0
1.0
10.0
20.0
10.0
20.0
