33.0
43.0
36.0
20.0
10.0
20.0
43.0
36.0
43.0
43.0
36.0
22.0
16.0
22.0
10.0
20.0
20.0
10.0
4.0
4.0
16.0
4.0
10.0
10.0
10.0
10.0
10.0
10.0
10.0
10.0
10.0
16.0
10.0
16.0
16.0
16.0
22.0
4.0
16.0
16.0
4.0
16.0
16.0
20.0
20.0
20.0
33.0
16.0
33.0
33.0
16.0
33.0
22.0
33.0
33.0
22.0
33.0
33.0
10.0
16.0
33.0
43.0
33.0
20.0
20.0
20.0
16.0
10.0
33.0
10.0
36.0
36.0
36.0
36.0
16.0
20.0
20.0
8.0
20.0
10.0
16.0
10.0
36.0
20.0
10.0
4.0
10.0
36.0
10.0
10.0
16.0
10.0
10.0
20.0
16.0
10.0
33.0
10.0
20.0
20.0
10.0
10.0
16.0
10.0
20.0
10.0
33.0
10.0
48.0
22.0
33.0
33.0
33.0
10.0
33.0
10.0
10.0
10.0
10.0
8.0
10.0
23.0
10.0
10.0
10.0
10.0
10.0
10.0
10.0
10.0
10.0
10.0
10.0
10.0
10.0
10.0
10.0
10.0
10.0
10.0
10.0
36.0
43.0
16.0
23.0
48.0
36.0
43.0
43.0
10.0
48.0
43.0
4.0
10.0
48.0
16.0
16.0
43.0
33.0
33.0
36.0
33.0
33.0
10.0
33.0
33.0
16.0
48.0
4.0
10.0
16.0
33.0
8.0
36.0
10.0
10.0
10.0
10.0
10.0
10.0
36.0
10.0
10.0
10.0
10.0
10.0
10.0
16.0
16.0
16.0
16.0
36.0
20.0
4.0
20.0
20.0
23.0
33.0
33.0
22.0
36.0
16.0
10.0
10.0
10.0
10.0
10.0
10.0
10.0
10.0
10.0
10.0
10.0
10.0
10.0
10.0
10.0
10.0
10.0
10.0
10.0
10.0
10.0
10.0
10.0
10.0
10.0
10.0
10.0
10.0
10.0
10.0
10.0
10.0
10.0
33.0
10.0
10.0
10.0
10.0
10.0
10.0
16.0
10.0
48.0
4.0
33.0
10.0
10.0
33.0
33.0
10.0
10.0
33.0
48.0
33.0
4.0
10.0
33.0
10.0
10.0
22.0
33.0
36.0
22.0
10.0
10.0
33.0
10.0
10.0
10.0
10.0
8.0
22.0
33.0
10.0
4.0
10.0
10.0
4.0
4.0
43.0
36.0
36.0
10.0
10.0
10.0
10.0
10.0
4.0
10.0
48.0
10.0
43.0
10.0
36.0
10.0
20.0
10.0
16.0
