2.0
43.0
1.0
3.0
10.0
16.0
1.0
1.0
37.0
37.0
1.0
2.0
16.0
22.0
10.0
20.0
16.0
10.0
3.0
3.0
16.0
3.0
10.0
8.0
10.0
10.0
10.0
10.0
10.0
10.0
8.0
3.0
10.0
16.0
16.0
16.0
2.0
3.0
16.0
3.0
3.0
16.0
16.0
16.0
16.0
16.0
2.0
3.0
3.0
3.0
3.0
2.0
3.0
3.0
3.0
2.0
2.0
3.0
10.0
16.0
3.0
43.0
3.0
16.0
16.0
16.0
3.0
10.0
3.0
10.0
1.0
1.0
1.0
1.0
16.0
16.0
16.0
3.0
16.0
10.0
16.0
10.0
1.0
16.0
10.0
3.0
10.0
1.0
10.0
10.0
43.0
10.0
10.0
16.0
3.0
10.0
2.0
2.0
16.0
16.0
8.0
2.0
16.0
10.0
16.0
8.0
2.0
10.0
10.0
2.0
3.0
2.0
2.0
10.0
2.0
10.0
10.0
10.0
10.0
3.0
10.0
1.0
10.0
10.0
10.0
10.0
10.0
10.0
10.0
10.0
2.0
10.0
10.0
10.0
10.0
10.0
10.0
10.0
10.0
10.0
10.0
1.0
43.0
43.0
1.0
37.0
1.0
43.0
43.0
10.0
10.0
43.0
3.0
10.0
10.0
3.0
16.0
43.0
3.0
2.0
1.0
3.0
2.0
10.0
2.0
2.0
16.0
37.0
2.0
10.0
16.0
3.0
43.0
1.0
10.0
10.0
10.0
10.0
10.0
10.0
1.0
10.0
10.0
10.0
10.0
10.0
10.0
16.0
16.0
16.0
16.0
1.0
16.0
3.0
20.0
16.0
1.0
2.0
2.0
2.0
1.0
16.0
10.0
10.0
10.0
10.0
10.0
10.0
10.0
10.0
10.0
10.0
10.0
10.0
10.0
10.0
10.0
10.0
10.0
10.0
10.0
10.0
10.0
10.0
10.0
10.0
10.0
10.0
10.0
10.0
10.0
10.0
10.0
10.0
10.0
3.0
10.0
10.0
10.0
10.0
10.0
10.0
3.0
10.0
37.0
3.0
2.0
10.0
10.0
3.0
3.0
10.0
10.0
3.0
37.0
3.0
3.0
10.0
3.0
10.0
10.0
2.0
2.0
1.0
2.0
10.0
10.0
2.0
10.0
10.0
10.0
10.0
16.0
2.0
3.0
10.0
3.0
10.0
10.0
3.0
3.0
43.0
1.0
1.0
10.0
10.0
10.0
10.0
10.0
2.0
10.0
10.0
10.0
43.0
10.0
1.0
10.0
20.0
10.0
3.0
