33.0
36.0
36.0
16.0
10.0
36.0
37.0
36.0
37.0
37.0
36.0
22.0
16.0
20.0
29.0
20.0
20.0
29.0
33.0
33.0
16.0
33.0
29.0
29.0
29.0
10.0
10.0
29.0
10.0
10.0
29.0
16.0
29.0
16.0
16.0
16.0
22.0
33.0
16.0
16.0
16.0
16.0
16.0
16.0
16.0
16.0
33.0
16.0
33.0
33.0
16.0
2.0
22.0
33.0
33.0
29.0
2.0
33.0
29.0
16.0
33.0
36.0
33.0
16.0
16.0
16.0
16.0
10.0
33.0
10.0
36.0
36.0
36.0
36.0
16.0
16.0
20.0
22.0
16.0
10.0
43.0
10.0
36.0
16.0
10.0
16.0
10.0
36.0
29.0
29.0
43.0
10.0
10.0
20.0
16.0
10.0
33.0
29.0
16.0
20.0
29.0
29.0
43.0
10.0
16.0
29.0
33.0
29.0
37.0
22.0
33.0
33.0
33.0
29.0
33.0
29.0
29.0
10.0
10.0
22.0
37.0
36.0
10.0
10.0
10.0
10.0
10.0
10.0
10.0
10.0
29.0
10.0
10.0
10.0
10.0
10.0
10.0
10.0
10.0
10.0
10.0
36.0
43.0
43.0
36.0
37.0
36.0
36.0
43.0
10.0
37.0
43.0
16.0
10.0
37.0
16.0
16.0
36.0
33.0
33.0
36.0
33.0
33.0
10.0
33.0
33.0
43.0
37.0
2.0
37.0
16.0
33.0
19.0
36.0
10.0
10.0
10.0
10.0
10.0
10.0
36.0
10.0
10.0
10.0
10.0
37.0
10.0
16.0
16.0
16.0
16.0
36.0
16.0
33.0
20.0
16.0
36.0
33.0
33.0
22.0
36.0
43.0
10.0
10.0
10.0
10.0
10.0
10.0
10.0
10.0
10.0
10.0
10.0
10.0
10.0
10.0
10.0
10.0
10.0
10.0
10.0
10.0
10.0
10.0
10.0
10.0
10.0
10.0
37.0
10.0
10.0
10.0
10.0
10.0
10.0
33.0
10.0
10.0
10.0
10.0
10.0
10.0
16.0
10.0
37.0
16.0
33.0
10.0
10.0
33.0
33.0
10.0
10.0
33.0
37.0
33.0
33.0
10.0
33.0
10.0
10.0
29.0
33.0
36.0
22.0
10.0
10.0
2.0
10.0
10.0
10.0
37.0
20.0
22.0
33.0
10.0
16.0
10.0
37.0
33.0
33.0
36.0
36.0
36.0
10.0
10.0
10.0
10.0
10.0
33.0
10.0
37.0
10.0
36.0
10.0
36.0
10.0
20.0
10.0
16.0
