4.0
43.0
1.0
4.0
38.0
43.0
1.0
1.0
1.0
43.0
23.0
2.0
20.0
22.0
2.0
20.0
20.0
2.0
4.0
4.0
43.0
4.0
8.0
8.0
8.0
38.0
38.0
8.0
38.0
38.0
8.0
4.0
2.0
20.0
20.0
20.0
2.0
4.0
20.0
4.0
4.0
43.0
43.0
20.0
20.0
20.0
4.0
4.0
4.0
4.0
4.0
4.0
4.0
4.0
4.0
2.0
33.0
4.0
2.0
20.0
4.0
43.0
4.0
20.0
20.0
20.0
4.0
38.0
4.0
38.0
1.0
1.0
1.0
1.0
20.0
20.0
20.0
4.0
20.0
38.0
43.0
38.0
43.0
20.0
38.0
4.0
38.0
1.0
2.0
8.0
43.0
38.0
38.0
20.0
4.0
38.0
4.0
2.0
20.0
20.0
29.0
2.0
43.0
38.0
20.0
29.0
4.0
2.0
1.0
2.0
4.0
4.0
4.0
2.0
4.0
2.0
2.0
38.0
38.0
34.0
45.0
1.0
38.0
38.0
38.0
38.0
38.0
38.0
38.0
38.0
2.0
38.0
38.0
38.0
38.0
38.0
38.0
38.0
38.0
38.0
38.0
1.0
43.0
43.0
1.0
1.0
43.0
43.0
43.0
38.0
23.0
43.0
4.0
38.0
1.0
4.0
43.0
43.0
4.0
4.0
1.0
4.0
4.0
38.0
4.0
4.0
43.0
1.0
4.0
45.0
20.0
4.0
7.0
1.0
38.0
45.0
38.0
38.0
38.0
38.0
1.0
38.0
38.0
38.0
38.0
45.0
38.0
20.0
20.0
20.0
20.0
1.0
20.0
4.0
20.0
20.0
1.0
4.0
4.0
2.0
1.0
43.0
38.0
38.0
38.0
38.0
38.0
38.0
38.0
38.0
38.0
38.0
38.0
38.0
38.0
38.0
38.0
38.0
38.0
38.0
38.0
38.0
38.0
38.0
38.0
38.0
38.0
38.0
45.0
38.0
38.0
38.0
38.0
38.0
38.0
4.0
38.0
38.0
38.0
38.0
38.0
38.0
4.0
38.0
1.0
4.0
4.0
45.0
38.0
4.0
4.0
38.0
38.0
4.0
1.0
4.0
4.0
38.0
4.0
38.0
38.0
2.0
4.0
1.0
2.0
38.0
38.0
4.0
38.0
38.0
38.0
45.0
20.0
2.0
4.0
38.0
4.0
38.0
45.0
4.0
4.0
43.0
1.0
1.0
38.0
38.0
38.0
38.0
38.0
4.0
38.0
1.0
38.0
43.0
38.0
1.0
38.0
4.0
45.0
4.0
