2.0
36.0
36.0
20.0
10.0
16.0
1.0
36.0
1.0
1.0
36.0
2.0
16.0
20.0
2.0
20.0
20.0
2.0
20.0
33.0
16.0
20.0
8.0
8.0
8.0
10.0
10.0
8.0
10.0
10.0
8.0
16.0
2.0
16.0
16.0
16.0
2.0
33.0
16.0
16.0
16.0
16.0
16.0
20.0
20.0
20.0
2.0
16.0
2.0
2.0
20.0
2.0
2.0
2.0
2.0
2.0
2.0
33.0
2.0
16.0
2.0
16.0
2.0
20.0
16.0
16.0
20.0
10.0
2.0
10.0
36.0
23.0
23.0
36.0
16.0
16.0
20.0
3.0
20.0
10.0
16.0
10.0
36.0
20.0
10.0
16.0
10.0
36.0
2.0
8.0
16.0
10.0
10.0
20.0
16.0
10.0
2.0
2.0
20.0
20.0
8.0
2.0
16.0
10.0
20.0
8.0
2.0
8.0
37.0
2.0
2.0
2.0
2.0
2.0
2.0
2.0
2.0
10.0
10.0
3.0
10.0
23.0
10.0
10.0
10.0
10.0
10.0
10.0
10.0
10.0
2.0
10.0
10.0
10.0
10.0
10.0
10.0
10.0
10.0
10.0
10.0
36.0
36.0
16.0
23.0
37.0
36.0
36.0
16.0
10.0
10.0
36.0
16.0
10.0
37.0
16.0
16.0
36.0
2.0
2.0
36.0
2.0
2.0
10.0
2.0
2.0
16.0
37.0
2.0
10.0
16.0
2.0
8.0
23.0
10.0
10.0
10.0
10.0
10.0
10.0
23.0
10.0
10.0
10.0
10.0
10.0
10.0
16.0
16.0
16.0
16.0
23.0
16.0
33.0
20.0
20.0
23.0
2.0
2.0
2.0
36.0
16.0
10.0
10.0
10.0
10.0
10.0
10.0
10.0
10.0
10.0
10.0
10.0
10.0
10.0
10.0
10.0
10.0
10.0
10.0
10.0
10.0
10.0
10.0
10.0
10.0
10.0
10.0
10.0
10.0
10.0
10.0
10.0
10.0
10.0
2.0
10.0
10.0
10.0
10.0
10.0
10.0
16.0
10.0
37.0
16.0
2.0
10.0
10.0
2.0
2.0
10.0
10.0
2.0
23.0
2.0
33.0
10.0
2.0
10.0
10.0
2.0
2.0
36.0
2.0
10.0
10.0
2.0
10.0
10.0
10.0
10.0
20.0
2.0
2.0
10.0
20.0
10.0
10.0
20.0
2.0
16.0
36.0
36.0
10.0
10.0
10.0
10.0
10.0
2.0
10.0
10.0
10.0
36.0
10.0
36.0
10.0
20.0
10.0
16.0
