8.0
43.0
36.0
20.0
10.0
36.0
37.0
36.0
37.0
37.0
36.0
8.0
16.0
26.0
8.0
20.0
20.0
8.0
15.0
15.0
16.0
20.0
8.0
8.0
8.0
10.0
10.0
8.0
10.0
10.0
8.0
16.0
8.0
16.0
16.0
16.0
8.0
15.0
16.0
16.0
16.0
16.0
16.0
20.0
20.0
20.0
33.0
16.0
15.0
15.0
16.0
8.0
20.0
15.0
15.0
8.0
8.0
15.0
8.0
16.0
15.0
43.0
15.0
20.0
20.0
20.0
16.0
10.0
15.0
10.0
36.0
36.0
36.0
36.0
16.0
20.0
20.0
8.0
20.0
10.0
16.0
10.0
36.0
20.0
10.0
16.0
10.0
36.0
8.0
8.0
16.0
10.0
10.0
20.0
16.0
10.0
8.0
8.0
20.0
20.0
8.0
8.0
16.0
10.0
20.0
8.0
8.0
8.0
37.0
8.0
33.0
15.0
8.0
8.0
8.0
8.0
8.0
10.0
10.0
8.0
10.0
36.0
10.0
10.0
10.0
10.0
10.0
10.0
10.0
10.0
8.0
10.0
10.0
10.0
10.0
10.0
10.0
10.0
10.0
10.0
10.0
36.0
43.0
16.0
36.0
37.0
36.0
43.0
43.0
10.0
10.0
43.0
16.0
10.0
10.0
16.0
16.0
43.0
33.0
8.0
36.0
15.0
33.0
10.0
33.0
33.0
16.0
37.0
8.0
10.0
16.0
15.0
8.0
36.0
10.0
10.0
10.0
10.0
10.0
10.0
36.0
10.0
10.0
10.0
10.0
10.0
10.0
16.0
16.0
16.0
16.0
36.0
16.0
15.0
20.0
20.0
36.0
8.0
15.0
8.0
36.0
16.0
10.0
10.0
10.0
10.0
10.0
10.0
10.0
10.0
10.0
10.0
10.0
10.0
10.0
10.0
10.0
10.0
10.0
10.0
10.0
10.0
10.0
10.0
10.0
10.0
10.0
10.0
10.0
10.0
10.0
10.0
10.0
10.0
10.0
15.0
10.0
10.0
10.0
10.0
10.0
10.0
16.0
10.0
37.0
16.0
8.0
10.0
10.0
15.0
15.0
10.0
10.0
15.0
37.0
15.0
15.0
10.0
15.0
10.0
10.0
8.0
8.0
36.0
8.0
10.0
10.0
8.0
10.0
10.0
10.0
10.0
8.0
8.0
15.0
10.0
20.0
10.0
10.0
20.0
15.0
43.0
36.0
36.0
10.0
10.0
10.0
10.0
10.0
8.0
10.0
10.0
10.0
43.0
10.0
36.0
10.0
20.0
10.0
16.0
