4.0
1.0
1.0
4.0
10.0
1.0
1.0
1.0
37.0
37.0
1.0
22.0
16.0
22.0
22.0
20.0
20.0
22.0
4.0
4.0
16.0
4.0
39.0
39.0
39.0
10.0
10.0
39.0
10.0
10.0
39.0
4.0
22.0
16.0
16.0
20.0
22.0
4.0
16.0
4.0
4.0
16.0
16.0
20.0
20.0
20.0
4.0
4.0
4.0
4.0
4.0
2.0
15.0
4.0
4.0
22.0
2.0
4.0
22.0
16.0
4.0
16.0
4.0
20.0
20.0
20.0
4.0
10.0
4.0
10.0
1.0
1.0
1.0
1.0
20.0
20.0
20.0
8.0
20.0
10.0
16.0
10.0
1.0
20.0
10.0
4.0
10.0
1.0
22.0
39.0
16.0
10.0
10.0
20.0
4.0
10.0
4.0
22.0
20.0
20.0
8.0
22.0
16.0
10.0
20.0
8.0
4.0
22.0
37.0
22.0
4.0
4.0
4.0
22.0
4.0
22.0
22.0
10.0
10.0
3.0
10.0
1.0
10.0
10.0
10.0
10.0
10.0
10.0
10.0
10.0
22.0
10.0
10.0
10.0
10.0
10.0
10.0
10.0
10.0
10.0
10.0
1.0
16.0
16.0
1.0
37.0
1.0
1.0
16.0
10.0
37.0
16.0
4.0
10.0
37.0
4.0
16.0
1.0
4.0
4.0
1.0
4.0
4.0
10.0
4.0
4.0
16.0
37.0
15.0
10.0
16.0
4.0
8.0
1.0
10.0
10.0
10.0
10.0
10.0
10.0
1.0
10.0
10.0
10.0
10.0
10.0
10.0
20.0
20.0
20.0
20.0
1.0
20.0
4.0
20.0
20.0
1.0
4.0
4.0
22.0
1.0
16.0
10.0
10.0
10.0
10.0
10.0
10.0
10.0
10.0
10.0
10.0
10.0
10.0
10.0
10.0
10.0
10.0
10.0
10.0
10.0
10.0
10.0
10.0
10.0
10.0
10.0
10.0
37.0
10.0
10.0
10.0
10.0
10.0
10.0
4.0
10.0
10.0
10.0
10.0
10.0
10.0
4.0
10.0
37.0
4.0
4.0
10.0
10.0
4.0
4.0
10.0
10.0
4.0
37.0
4.0
4.0
10.0
4.0
10.0
10.0
22.0
4.0
1.0
22.0
10.0
10.0
4.0
10.0
10.0
10.0
10.0
8.0
22.0
4.0
10.0
4.0
10.0
10.0
4.0
4.0
16.0
1.0
1.0
10.0
10.0
10.0
10.0
10.0
4.0
10.0
37.0
10.0
1.0
10.0
1.0
10.0
20.0
10.0
4.0
