33.0
36.0
36.0
20.0
10.0
36.0
37.0
36.0
37.0
37.0
36.0
2.0
16.0
20.0
10.0
20.0
20.0
10.0
15.0
15.0
16.0
15.0
29.0
10.0
29.0
10.0
10.0
29.0
10.0
10.0
29.0
15.0
10.0
16.0
16.0
16.0
2.0
15.0
16.0
15.0
15.0
16.0
16.0
20.0
20.0
20.0
33.0
15.0
33.0
33.0
20.0
2.0
2.0
33.0
33.0
2.0
2.0
15.0
10.0
16.0
33.0
36.0
15.0
20.0
16.0
20.0
15.0
10.0
15.0
10.0
36.0
36.0
36.0
36.0
20.0
20.0
20.0
3.0
20.0
10.0
16.0
10.0
36.0
20.0
10.0
15.0
10.0
36.0
10.0
29.0
16.0
10.0
10.0
20.0
15.0
10.0
4.0
2.0
20.0
20.0
10.0
2.0
16.0
10.0
20.0
10.0
33.0
10.0
37.0
2.0
4.0
33.0
33.0
10.0
2.0
10.0
10.0
10.0
10.0
3.0
10.0
37.0
10.0
10.0
10.0
10.0
10.0
10.0
10.0
10.0
2.0
10.0
10.0
10.0
10.0
10.0
10.0
10.0
10.0
10.0
10.0
36.0
36.0
16.0
36.0
37.0
36.0
36.0
36.0
10.0
37.0
36.0
15.0
10.0
37.0
15.0
16.0
36.0
33.0
4.0
36.0
33.0
33.0
10.0
33.0
33.0
16.0
37.0
2.0
10.0
16.0
33.0
8.0
36.0
10.0
10.0
10.0
10.0
10.0
10.0
36.0
10.0
10.0
10.0
10.0
10.0
10.0
16.0
16.0
16.0
16.0
36.0
16.0
15.0
16.0
16.0
36.0
2.0
33.0
2.0
36.0
16.0
10.0
10.0
10.0
10.0
10.0
10.0
10.0
10.0
10.0
10.0
10.0
10.0
10.0
10.0
10.0
10.0
10.0
10.0
10.0
10.0
10.0
10.0
10.0
10.0
10.0
10.0
10.0
10.0
10.0
10.0
10.0
10.0
10.0
33.0
10.0
10.0
10.0
10.0
10.0
10.0
15.0
10.0
37.0
15.0
2.0
10.0
10.0
33.0
33.0
10.0
10.0
33.0
37.0
15.0
15.0
10.0
33.0
10.0
10.0
2.0
4.0
36.0
2.0
10.0
10.0
2.0
10.0
10.0
10.0
10.0
8.0
2.0
33.0
10.0
15.0
10.0
10.0
15.0
15.0
36.0
36.0
36.0
10.0
10.0
10.0
10.0
10.0
4.0
10.0
37.0
10.0
36.0
10.0
36.0
10.0
20.0
10.0
15.0
