4.0
43.0
23.0
20.0
10.0
43.0
1.0
23.0
1.0
43.0
1.0
22.0
16.0
22.0
22.0
20.0
20.0
22.0
4.0
4.0
16.0
4.0
29.0
29.0
29.0
10.0
10.0
29.0
10.0
10.0
29.0
20.0
22.0
20.0
20.0
20.0
22.0
4.0
16.0
4.0
4.0
16.0
16.0
20.0
20.0
20.0
4.0
20.0
4.0
4.0
20.0
22.0
22.0
4.0
4.0
22.0
22.0
4.0
22.0
20.0
4.0
43.0
4.0
20.0
20.0
20.0
20.0
10.0
4.0
10.0
1.0
23.0
23.0
1.0
20.0
20.0
20.0
22.0
20.0
10.0
43.0
10.0
23.0
20.0
10.0
4.0
10.0
23.0
22.0
29.0
43.0
10.0
10.0
20.0
20.0
10.0
4.0
22.0
20.0
20.0
29.0
22.0
43.0
10.0
20.0
29.0
4.0
22.0
23.0
22.0
4.0
4.0
4.0
22.0
4.0
22.0
22.0
10.0
10.0
22.0
10.0
23.0
10.0
10.0
10.0
10.0
10.0
10.0
10.0
10.0
22.0
10.0
10.0
10.0
10.0
10.0
10.0
10.0
10.0
10.0
10.0
23.0
43.0
43.0
23.0
23.0
1.0
43.0
43.0
10.0
37.0
43.0
4.0
10.0
23.0
4.0
16.0
43.0
4.0
4.0
1.0
4.0
4.0
10.0
4.0
4.0
16.0
23.0
4.0
10.0
20.0
4.0
8.0
23.0
10.0
10.0
10.0
10.0
10.0
10.0
23.0
10.0
10.0
10.0
10.0
10.0
10.0
20.0
20.0
20.0
20.0
23.0
20.0
4.0
20.0
20.0
23.0
4.0
4.0
22.0
23.0
43.0
10.0
10.0
10.0
10.0
10.0
10.0
10.0
10.0
10.0
10.0
10.0
10.0
10.0
10.0
10.0
10.0
10.0
10.0
10.0
10.0
10.0
10.0
10.0
10.0
10.0
10.0
10.0
10.0
10.0
10.0
10.0
10.0
10.0
4.0
10.0
10.0
10.0
10.0
10.0
10.0
4.0
10.0
23.0
4.0
4.0
10.0
10.0
4.0
4.0
10.0
10.0
4.0
23.0
4.0
4.0
10.0
4.0
10.0
10.0
22.0
4.0
23.0
22.0
10.0
10.0
4.0
10.0
10.0
10.0
10.0
20.0
22.0
4.0
10.0
4.0
10.0
10.0
4.0
4.0
43.0
1.0
23.0
10.0
10.0
10.0
10.0
10.0
4.0
10.0
37.0
10.0
43.0
10.0
1.0
10.0
20.0
10.0
20.0
