4.0
43.0
1.0
16.0
38.0
43.0
1.0
1.0
23.0
43.0
1.0
2.0
16.0
20.0
2.0
20.0
16.0
2.0
4.0
4.0
16.0
4.0
8.0
8.0
8.0
10.0
10.0
8.0
38.0
38.0
8.0
16.0
2.0
16.0
16.0
16.0
22.0
4.0
16.0
16.0
4.0
16.0
16.0
16.0
16.0
16.0
4.0
16.0
4.0
4.0
16.0
4.0
22.0
4.0
4.0
2.0
2.0
4.0
2.0
16.0
4.0
43.0
4.0
16.0
16.0
16.0
16.0
38.0
4.0
38.0
1.0
1.0
1.0
1.0
16.0
16.0
16.0
8.0
16.0
38.0
16.0
38.0
1.0
16.0
38.0
4.0
38.0
1.0
2.0
8.0
43.0
38.0
38.0
20.0
16.0
38.0
4.0
2.0
16.0
16.0
8.0
2.0
16.0
38.0
16.0
8.0
4.0
2.0
1.0
2.0
4.0
4.0
4.0
2.0
4.0
2.0
2.0
38.0
10.0
8.0
10.0
1.0
38.0
38.0
38.0
38.0
38.0
38.0
38.0
38.0
2.0
38.0
38.0
38.0
38.0
38.0
38.0
38.0
38.0
38.0
38.0
1.0
43.0
43.0
1.0
1.0
1.0
43.0
43.0
10.0
10.0
43.0
4.0
38.0
1.0
16.0
16.0
43.0
4.0
4.0
1.0
4.0
4.0
38.0
4.0
4.0
16.0
1.0
4.0
10.0
16.0
4.0
8.0
1.0
38.0
10.0
38.0
38.0
38.0
38.0
1.0
38.0
38.0
38.0
38.0
10.0
38.0
16.0
16.0
16.0
16.0
1.0
16.0
4.0
20.0
20.0
1.0
4.0
4.0
2.0
1.0
16.0
38.0
38.0
38.0
38.0
38.0
38.0
38.0
38.0
38.0
38.0
38.0
38.0
38.0
38.0
38.0
38.0
38.0
38.0
38.0
38.0
38.0
38.0
38.0
38.0
38.0
38.0
10.0
38.0
38.0
38.0
38.0
38.0
38.0
4.0
38.0
38.0
38.0
38.0
38.0
38.0
16.0
38.0
1.0
4.0
4.0
10.0
38.0
4.0
4.0
38.0
38.0
4.0
1.0
4.0
4.0
38.0
4.0
38.0
38.0
2.0
4.0
1.0
2.0
38.0
10.0
4.0
10.0
38.0
38.0
10.0
8.0
2.0
4.0
38.0
4.0
38.0
10.0
4.0
4.0
43.0
1.0
1.0
38.0
38.0
38.0
38.0
38.0
4.0
38.0
1.0
38.0
43.0
38.0
1.0
38.0
20.0
10.0
16.0
