2.0
43.0
36.0
16.0
41.0
43.0
43.0
36.0
43.0
43.0
1.0
2.0
16.0
20.0
2.0
20.0
16.0
2.0
33.0
33.0
16.0
33.0
22.0
8.0
22.0
41.0
41.0
22.0
41.0
41.0
8.0
16.0
2.0
16.0
16.0
16.0
2.0
33.0
16.0
16.0
33.0
16.0
16.0
16.0
16.0
16.0
33.0
16.0
33.0
33.0
16.0
2.0
2.0
33.0
33.0
2.0
2.0
33.0
2.0
16.0
33.0
43.0
33.0
16.0
16.0
16.0
16.0
41.0
33.0
41.0
36.0
1.0
1.0
36.0
16.0
16.0
16.0
8.0
16.0
41.0
43.0
41.0
1.0
16.0
41.0
33.0
41.0
36.0
2.0
8.0
43.0
41.0
41.0
16.0
16.0
41.0
2.0
2.0
16.0
20.0
8.0
2.0
43.0
41.0
16.0
8.0
2.0
8.0
1.0
2.0
33.0
33.0
2.0
2.0
2.0
2.0
2.0
41.0
41.0
8.0
41.0
1.0
41.0
41.0
41.0
41.0
41.0
41.0
41.0
41.0
2.0
41.0
41.0
41.0
41.0
41.0
41.0
41.0
41.0
41.0
41.0
36.0
43.0
43.0
1.0
1.0
43.0
43.0
43.0
41.0
10.0
43.0
33.0
41.0
1.0
16.0
16.0
43.0
33.0
33.0
36.0
33.0
33.0
41.0
33.0
33.0
16.0
1.0
2.0
41.0
16.0
33.0
8.0
1.0
41.0
41.0
41.0
41.0
41.0
41.0
1.0
41.0
41.0
41.0
41.0
41.0
41.0
16.0
16.0
16.0
16.0
1.0
16.0
33.0
20.0
20.0
1.0
2.0
33.0
2.0
36.0
43.0
41.0
41.0
41.0
41.0
41.0
41.0
41.0
41.0
41.0
41.0
41.0
41.0
41.0
41.0
41.0
41.0
41.0
41.0
41.0
41.0
41.0
41.0
41.0
41.0
41.0
41.0
41.0
41.0
41.0
41.0
41.0
41.0
41.0
33.0
41.0
41.0
41.0
41.0
41.0
41.0
16.0
41.0
1.0
33.0
2.0
41.0
41.0
33.0
33.0
41.0
41.0
33.0
1.0
33.0
33.0
41.0
33.0
41.0
41.0
2.0
2.0
36.0
2.0
41.0
41.0
2.0
41.0
41.0
41.0
41.0
8.0
2.0
33.0
41.0
33.0
41.0
41.0
33.0
33.0
43.0
36.0
36.0
41.0
41.0
41.0
41.0
41.0
2.0
41.0
1.0
41.0
43.0
41.0
36.0
41.0
20.0
41.0
16.0
