2.0
36.0
31.0
20.0
45.0
20.0
37.0
36.0
37.0
20.0
36.0
8.0
20.0
22.0
8.0
20.0
20.0
8.0
4.0
4.0
20.0
4.0
8.0
8.0
8.0
45.0
10.0
8.0
45.0
45.0
8.0
4.0
8.0
20.0
20.0
20.0
22.0
4.0
20.0
5.0
4.0
20.0
20.0
20.0
20.0
20.0
4.0
4.0
4.0
4.0
20.0
2.0
22.0
4.0
4.0
8.0
2.0
4.0
8.0
20.0
4.0
36.0
4.0
20.0
20.0
20.0
20.0
45.0
4.0
45.0
36.0
36.0
31.0
36.0
20.0
20.0
20.0
8.0
20.0
45.0
20.0
10.0
36.0
20.0
45.0
4.0
45.0
36.0
8.0
8.0
20.0
45.0
45.0
20.0
20.0
45.0
2.0
8.0
20.0
20.0
8.0
8.0
20.0
45.0
20.0
8.0
2.0
8.0
37.0
8.0
4.0
4.0
2.0
8.0
2.0
8.0
8.0
45.0
10.0
8.0
10.0
37.0
45.0
45.0
45.0
45.0
45.0
45.0
45.0
45.0
8.0
45.0
45.0
45.0
45.0
45.0
45.0
45.0
45.0
45.0
45.0
36.0
36.0
20.0
37.0
37.0
36.0
36.0
36.0
10.0
37.0
36.0
4.0
45.0
37.0
5.0
20.0
36.0
4.0
4.0
36.0
4.0
33.0
45.0
33.0
33.0
20.0
37.0
2.0
10.0
20.0
4.0
8.0
31.0
45.0
10.0
45.0
45.0
45.0
45.0
31.0
45.0
45.0
45.0
45.0
10.0
45.0
20.0
20.0
20.0
20.0
31.0
20.0
4.0
20.0
20.0
31.0
2.0
33.0
8.0
36.0
20.0
45.0
45.0
45.0
45.0
45.0
45.0
45.0
45.0
45.0
45.0
45.0
45.0
45.0
45.0
45.0
45.0
45.0
45.0
45.0
45.0
45.0
45.0
10.0
45.0
45.0
45.0
10.0
45.0
45.0
45.0
45.0
45.0
45.0
4.0
45.0
45.0
45.0
45.0
45.0
45.0
4.0
45.0
37.0
4.0
2.0
10.0
45.0
4.0
4.0
45.0
45.0
4.0
37.0
4.0
4.0
45.0
4.0
45.0
45.0
8.0
2.0
36.0
8.0
45.0
10.0
2.0
10.0
45.0
45.0
10.0
8.0
8.0
4.0
45.0
4.0
45.0
10.0
4.0
4.0
36.0
36.0
36.0
45.0
45.0
45.0
45.0
45.0
2.0
45.0
37.0
45.0
36.0
45.0
36.0
45.0
20.0
10.0
4.0
