4.0
43.0
36.0
4.0
41.0
43.0
36.0
36.0
19.0
43.0
36.0
22.0
16.0
20.0
2.0
20.0
20.0
2.0
4.0
4.0
16.0
4.0
29.0
29.0
29.0
41.0
41.0
29.0
41.0
41.0
29.0
16.0
2.0
16.0
16.0
16.0
22.0
4.0
16.0
16.0
4.0
16.0
16.0
16.0
16.0
16.0
4.0
16.0
4.0
4.0
4.0
22.0
22.0
4.0
4.0
2.0
22.0
4.0
2.0
16.0
4.0
43.0
4.0
16.0
16.0
16.0
16.0
41.0
4.0
41.0
36.0
36.0
36.0
36.0
16.0
16.0
20.0
3.0
16.0
41.0
16.0
41.0
36.0
16.0
41.0
4.0
41.0
36.0
2.0
29.0
16.0
41.0
41.0
20.0
16.0
41.0
4.0
2.0
16.0
20.0
29.0
2.0
16.0
41.0
16.0
10.0
4.0
2.0
19.0
22.0
4.0
4.0
4.0
2.0
4.0
2.0
2.0
41.0
41.0
3.0
41.0
19.0
41.0
41.0
41.0
41.0
41.0
41.0
41.0
41.0
2.0
41.0
41.0
41.0
41.0
41.0
41.0
41.0
41.0
41.0
41.0
36.0
43.0
16.0
36.0
19.0
36.0
43.0
43.0
41.0
41.0
43.0
4.0
41.0
19.0
16.0
16.0
43.0
4.0
4.0
36.0
4.0
4.0
41.0
4.0
4.0
16.0
19.0
4.0
41.0
16.0
4.0
8.0
36.0
41.0
41.0
41.0
41.0
41.0
41.0
36.0
41.0
41.0
41.0
41.0
41.0
41.0
16.0
16.0
16.0
16.0
36.0
16.0
4.0
20.0
16.0
36.0
4.0
4.0
22.0
36.0
16.0
41.0
41.0
41.0
41.0
41.0
41.0
41.0
41.0
41.0
41.0
41.0
41.0
41.0
41.0
41.0
41.0
41.0
41.0
41.0
41.0
41.0
41.0
41.0
41.0
41.0
41.0
41.0
41.0
41.0
41.0
41.0
41.0
41.0
4.0
41.0
41.0
41.0
41.0
41.0
41.0
16.0
41.0
19.0
4.0
4.0
41.0
41.0
4.0
4.0
41.0
41.0
4.0
19.0
4.0
4.0
41.0
4.0
41.0
41.0
2.0
4.0
36.0
22.0
41.0
41.0
4.0
41.0
41.0
41.0
41.0
20.0
2.0
4.0
41.0
4.0
41.0
41.0
4.0
4.0
43.0
36.0
36.0
41.0
41.0
41.0
41.0
41.0
4.0
41.0
19.0
41.0
43.0
41.0
36.0
41.0
20.0
41.0
16.0
