33.0
36.0
36.0
20.0
45.0
36.0
36.0
36.0
36.0
36.0
36.0
2.0
16.0
2.0
2.0
20.0
20.0
2.0
33.0
33.0
16.0
33.0
8.0
8.0
8.0
45.0
45.0
8.0
45.0
45.0
8.0
20.0
2.0
16.0
16.0
16.0
2.0
33.0
16.0
16.0
33.0
16.0
16.0
20.0
20.0
20.0
33.0
20.0
33.0
33.0
20.0
2.0
2.0
33.0
33.0
2.0
2.0
33.0
2.0
16.0
33.0
36.0
33.0
20.0
20.0
20.0
20.0
45.0
33.0
45.0
36.0
36.0
36.0
36.0
20.0
20.0
20.0
8.0
20.0
45.0
16.0
45.0
36.0
20.0
45.0
33.0
45.0
36.0
2.0
8.0
16.0
45.0
45.0
20.0
20.0
45.0
33.0
2.0
20.0
20.0
8.0
2.0
16.0
45.0
20.0
8.0
33.0
8.0
23.0
2.0
33.0
33.0
33.0
2.0
33.0
2.0
2.0
45.0
45.0
8.0
41.0
23.0
45.0
45.0
45.0
45.0
45.0
45.0
45.0
45.0
2.0
45.0
45.0
45.0
45.0
45.0
45.0
45.0
45.0
45.0
45.0
36.0
36.0
16.0
36.0
23.0
36.0
36.0
36.0
45.0
41.0
36.0
33.0
45.0
23.0
16.0
16.0
36.0
33.0
33.0
36.0
33.0
33.0
45.0
33.0
33.0
16.0
23.0
2.0
41.0
16.0
33.0
8.0
36.0
45.0
45.0
45.0
45.0
45.0
45.0
36.0
45.0
45.0
45.0
45.0
41.0
45.0
16.0
16.0
20.0
16.0
36.0
20.0
33.0
20.0
20.0
23.0
33.0
33.0
2.0
36.0
16.0
45.0
45.0
45.0
45.0
45.0
45.0
45.0
45.0
45.0
45.0
45.0
45.0
45.0
45.0
45.0
45.0
45.0
45.0
45.0
45.0
45.0
45.0
45.0
45.0
45.0
45.0
41.0
45.0
45.0
45.0
45.0
45.0
45.0
33.0
45.0
45.0
45.0
45.0
45.0
45.0
33.0
45.0
23.0
33.0
33.0
45.0
45.0
33.0
33.0
45.0
45.0
33.0
23.0
33.0
33.0
45.0
33.0
45.0
45.0
2.0
33.0
36.0
2.0
45.0
45.0
2.0
45.0
45.0
45.0
41.0
26.0
2.0
33.0
45.0
4.0
45.0
41.0
4.0
33.0
36.0
36.0
36.0
45.0
45.0
45.0
45.0
45.0
2.0
45.0
48.0
45.0
36.0
45.0
36.0
45.0
20.0
45.0
20.0
