3.0
43.0
1.0
4.0
10.0
16.0
1.0
1.0
37.0
43.0
23.0
22.0
16.0
22.0
22.0
16.0
16.0
22.0
4.0
4.0
16.0
4.0
39.0
39.0
39.0
10.0
10.0
39.0
10.0
10.0
39.0
16.0
22.0
16.0
16.0
16.0
22.0
4.0
16.0
4.0
4.0
16.0
16.0
16.0
16.0
16.0
3.0
16.0
4.0
4.0
4.0
3.0
3.0
4.0
4.0
22.0
3.0
4.0
22.0
16.0
4.0
43.0
4.0
16.0
16.0
16.0
16.0
10.0
4.0
10.0
1.0
1.0
1.0
1.0
16.0
16.0
16.0
3.0
16.0
10.0
16.0
10.0
1.0
16.0
10.0
4.0
10.0
1.0
22.0
39.0
16.0
10.0
10.0
16.0
16.0
10.0
3.0
22.0
16.0
16.0
22.0
22.0
16.0
10.0
16.0
39.0
3.0
22.0
1.0
22.0
4.0
4.0
3.0
22.0
3.0
22.0
22.0
10.0
10.0
3.0
10.0
1.0
10.0
10.0
10.0
10.0
10.0
10.0
10.0
10.0
22.0
10.0
10.0
10.0
10.0
10.0
10.0
10.0
10.0
10.0
10.0
1.0
43.0
16.0
1.0
1.0
1.0
43.0
43.0
10.0
37.0
43.0
4.0
10.0
1.0
16.0
16.0
43.0
4.0
4.0
1.0
4.0
3.0
10.0
3.0
3.0
16.0
1.0
3.0
1.0
16.0
4.0
8.0
1.0
10.0
10.0
10.0
10.0
10.0
10.0
1.0
10.0
10.0
10.0
10.0
10.0
10.0
16.0
16.0
16.0
16.0
1.0
16.0
4.0
20.0
16.0
1.0
3.0
3.0
22.0
1.0
16.0
10.0
10.0
10.0
10.0
10.0
10.0
10.0
10.0
10.0
10.0
10.0
10.0
10.0
10.0
10.0
10.0
10.0
10.0
10.0
10.0
10.0
10.0
10.0
10.0
10.0
10.0
10.0
10.0
10.0
10.0
10.0
10.0
10.0
4.0
10.0
10.0
10.0
10.0
10.0
10.0
4.0
10.0
1.0
4.0
3.0
10.0
10.0
4.0
4.0
10.0
10.0
4.0
1.0
4.0
4.0
10.0
4.0
10.0
10.0
22.0
3.0
1.0
22.0
10.0
10.0
3.0
10.0
10.0
10.0
10.0
16.0
22.0
4.0
10.0
4.0
10.0
1.0
4.0
4.0
43.0
1.0
1.0
10.0
10.0
10.0
10.0
10.0
3.0
10.0
1.0
10.0
43.0
10.0
1.0
10.0
4.0
10.0
4.0
