4.0
43.0
1.0
4.0
10.0
43.0
43.0
23.0
23.0
43.0
23.0
2.0
16.0
15.0
2.0
16.0
16.0
2.0
4.0
4.0
16.0
4.0
10.0
39.0
39.0
10.0
10.0
39.0
10.0
10.0
39.0
16.0
2.0
16.0
16.0
16.0
2.0
4.0
16.0
16.0
4.0
16.0
16.0
16.0
16.0
16.0
4.0
16.0
4.0
4.0
16.0
2.0
15.0
4.0
4.0
2.0
2.0
4.0
2.0
16.0
4.0
43.0
4.0
16.0
16.0
16.0
16.0
10.0
4.0
10.0
1.0
23.0
1.0
23.0
16.0
16.0
16.0
22.0
16.0
10.0
16.0
10.0
23.0
16.0
10.0
4.0
10.0
1.0
2.0
39.0
16.0
10.0
10.0
16.0
16.0
10.0
4.0
2.0
16.0
16.0
39.0
2.0
16.0
10.0
16.0
39.0
4.0
22.0
1.0
2.0
4.0
4.0
4.0
2.0
4.0
2.0
2.0
10.0
10.0
22.0
10.0
1.0
10.0
10.0
10.0
10.0
10.0
10.0
10.0
10.0
2.0
10.0
10.0
10.0
10.0
10.0
10.0
10.0
10.0
10.0
10.0
1.0
43.0
16.0
1.0
1.0
43.0
43.0
43.0
10.0
10.0
43.0
4.0
10.0
48.0
16.0
16.0
43.0
4.0
4.0
23.0
4.0
4.0
10.0
4.0
4.0
16.0
1.0
4.0
10.0
16.0
4.0
10.0
1.0
10.0
10.0
10.0
10.0
10.0
10.0
1.0
10.0
10.0
10.0
10.0
10.0
10.0
16.0
16.0
16.0
16.0
1.0
16.0
4.0
20.0
16.0
1.0
4.0
4.0
2.0
23.0
16.0
10.0
10.0
10.0
10.0
10.0
10.0
10.0
10.0
10.0
10.0
10.0
10.0
10.0
10.0
10.0
10.0
10.0
10.0
10.0
10.0
10.0
10.0
10.0
10.0
10.0
10.0
10.0
10.0
10.0
10.0
10.0
10.0
10.0
4.0
10.0
10.0
10.0
10.0
10.0
10.0
16.0
10.0
1.0
4.0
4.0
10.0
10.0
4.0
4.0
10.0
10.0
4.0
1.0
4.0
4.0
10.0
4.0
10.0
10.0
2.0
4.0
1.0
2.0
10.0
10.0
2.0
10.0
10.0
10.0
10.0
20.0
2.0
4.0
10.0
4.0
10.0
10.0
4.0
4.0
43.0
23.0
23.0
10.0
10.0
10.0
10.0
10.0
4.0
10.0
1.0
10.0
14.0
10.0
23.0
10.0
15.0
10.0
16.0
