2.0
36.0
36.0
20.0
10.0
20.0
1.0
36.0
37.0
1.0
36.0
22.0
20.0
20.0
22.0
20.0
20.0
22.0
15.0
33.0
20.0
15.0
10.0
10.0
10.0
10.0
10.0
10.0
10.0
10.0
10.0
20.0
22.0
20.0
20.0
20.0
22.0
33.0
20.0
16.0
33.0
20.0
20.0
20.0
20.0
20.0
2.0
20.0
33.0
33.0
20.0
2.0
22.0
33.0
33.0
22.0
19.0
33.0
22.0
20.0
33.0
36.0
33.0
20.0
20.0
20.0
20.0
10.0
33.0
10.0
36.0
36.0
36.0
36.0
20.0
20.0
20.0
19.0
20.0
10.0
20.0
10.0
36.0
20.0
10.0
33.0
10.0
36.0
22.0
10.0
20.0
10.0
10.0
20.0
20.0
10.0
2.0
22.0
20.0
20.0
10.0
22.0
20.0
10.0
20.0
10.0
2.0
10.0
25.0
22.0
33.0
2.0
2.0
22.0
2.0
22.0
22.0
10.0
10.0
19.0
10.0
48.0
10.0
10.0
10.0
10.0
10.0
10.0
10.0
10.0
22.0
10.0
10.0
10.0
10.0
10.0
10.0
10.0
10.0
10.0
10.0
36.0
36.0
20.0
36.0
25.0
36.0
36.0
36.0
10.0
10.0
36.0
33.0
10.0
10.0
16.0
20.0
36.0
33.0
2.0
36.0
33.0
2.0
10.0
2.0
2.0
20.0
25.0
2.0
10.0
20.0
33.0
10.0
36.0
10.0
10.0
10.0
10.0
10.0
10.0
36.0
10.0
10.0
10.0
10.0
10.0
10.0
20.0
20.0
20.0
20.0
36.0
20.0
33.0
20.0
20.0
36.0
2.0
2.0
22.0
36.0
20.0
10.0
10.0
10.0
10.0
10.0
10.0
10.0
10.0
10.0
10.0
10.0
10.0
10.0
10.0
10.0
10.0
10.0
10.0
10.0
10.0
10.0
10.0
10.0
10.0
10.0
10.0
10.0
10.0
10.0
10.0
10.0
10.0
10.0
33.0
10.0
10.0
10.0
10.0
10.0
10.0
20.0
10.0
25.0
15.0
2.0
10.0
10.0
33.0
33.0
10.0
10.0
33.0
25.0
33.0
33.0
10.0
33.0
10.0
10.0
22.0
2.0
36.0
22.0
10.0
10.0
2.0
10.0
10.0
10.0
10.0
20.0
22.0
33.0
10.0
15.0
10.0
10.0
15.0
15.0
36.0
36.0
36.0
10.0
10.0
10.0
10.0
10.0
2.0
10.0
10.0
10.0
36.0
10.0
36.0
10.0
20.0
10.0
20.0
