4.0
36.0
23.0
20.0
10.0
36.0
23.0
23.0
37.0
37.0
23.0
22.0
16.0
26.0
2.0
20.0
20.0
2.0
4.0
4.0
16.0
4.0
8.0
8.0
8.0
10.0
10.0
8.0
10.0
10.0
8.0
16.0
2.0
16.0
16.0
16.0
2.0
4.0
16.0
16.0
4.0
16.0
16.0
16.0
16.0
16.0
4.0
16.0
4.0
4.0
4.0
4.0
26.0
4.0
4.0
2.0
2.0
4.0
2.0
16.0
4.0
36.0
4.0
20.0
20.0
16.0
16.0
10.0
4.0
10.0
36.0
23.0
23.0
36.0
16.0
16.0
20.0
3.0
16.0
10.0
16.0
10.0
36.0
16.0
10.0
4.0
10.0
36.0
2.0
8.0
36.0
10.0
10.0
20.0
16.0
10.0
4.0
2.0
16.0
20.0
8.0
2.0
16.0
10.0
16.0
8.0
4.0
8.0
37.0
22.0
4.0
4.0
4.0
2.0
4.0
2.0
2.0
10.0
10.0
3.0
10.0
23.0
10.0
10.0
10.0
10.0
10.0
10.0
10.0
10.0
2.0
10.0
10.0
10.0
10.0
10.0
10.0
10.0
10.0
10.0
10.0
36.0
36.0
36.0
23.0
37.0
36.0
36.0
36.0
10.0
37.0
36.0
4.0
10.0
37.0
16.0
16.0
36.0
4.0
4.0
36.0
4.0
4.0
10.0
4.0
4.0
16.0
37.0
4.0
10.0
16.0
4.0
8.0
23.0
10.0
10.0
10.0
10.0
10.0
10.0
23.0
10.0
10.0
10.0
10.0
10.0
10.0
16.0
16.0
16.0
16.0
23.0
16.0
4.0
20.0
20.0
23.0
4.0
4.0
2.0
36.0
16.0
10.0
10.0
10.0
10.0
10.0
10.0
10.0
10.0
10.0
10.0
10.0
10.0
10.0
10.0
10.0
10.0
10.0
10.0
10.0
10.0
10.0
10.0
10.0
10.0
10.0
10.0
10.0
10.0
10.0
10.0
10.0
10.0
10.0
4.0
10.0
10.0
10.0
10.0
10.0
10.0
16.0
10.0
37.0
4.0
4.0
10.0
10.0
4.0
4.0
10.0
10.0
4.0
37.0
4.0
4.0
10.0
4.0
10.0
10.0
2.0
4.0
23.0
22.0
10.0
10.0
4.0
10.0
10.0
10.0
10.0
20.0
2.0
4.0
10.0
4.0
10.0
10.0
4.0
4.0
36.0
36.0
36.0
10.0
10.0
10.0
10.0
10.0
4.0
10.0
37.0
10.0
36.0
10.0
36.0
10.0
20.0
10.0
16.0
