3.0
1.0
1.0
20.0
10.0
20.0
1.0
1.0
1.0
1.0
1.0
2.0
20.0
26.0
2.0
20.0
20.0
2.0
20.0
20.0
20.0
20.0
29.0
29.0
29.0
10.0
10.0
29.0
10.0
10.0
29.0
20.0
2.0
20.0
20.0
20.0
2.0
20.0
20.0
20.0
20.0
20.0
20.0
20.0
20.0
20.0
3.0
20.0
3.0
3.0
20.0
3.0
26.0
3.0
3.0
2.0
3.0
20.0
2.0
20.0
3.0
1.0
3.0
20.0
20.0
20.0
20.0
10.0
20.0
10.0
1.0
1.0
1.0
1.0
20.0
20.0
20.0
8.0
20.0
10.0
20.0
10.0
1.0
20.0
10.0
20.0
10.0
1.0
2.0
29.0
20.0
10.0
10.0
20.0
20.0
10.0
3.0
2.0
20.0
20.0
29.0
2.0
20.0
10.0
20.0
29.0
3.0
29.0
1.0
2.0
3.0
3.0
3.0
2.0
3.0
2.0
2.0
10.0
10.0
8.0
10.0
1.0
10.0
10.0
10.0
10.0
10.0
10.0
10.0
10.0
2.0
10.0
10.0
10.0
10.0
10.0
10.0
10.0
10.0
10.0
10.0
1.0
1.0
6.0
1.0
1.0
1.0
1.0
1.0
10.0
10.0
1.0
20.0
10.0
1.0
20.0
20.0
1.0
3.0
3.0
1.0
3.0
3.0
10.0
3.0
3.0
20.0
1.0
3.0
10.0
20.0
3.0
8.0
1.0
10.0
10.0
10.0
10.0
10.0
10.0
1.0
10.0
10.0
10.0
10.0
10.0
10.0
20.0
20.0
20.0
20.0
1.0
20.0
20.0
20.0
20.0
1.0
3.0
3.0
2.0
1.0
20.0
10.0
10.0
10.0
10.0
10.0
10.0
10.0
10.0
10.0
10.0
10.0
10.0
10.0
10.0
10.0
10.0
10.0
10.0
10.0
10.0
10.0
10.0
10.0
10.0
10.0
10.0
10.0
10.0
10.0
10.0
10.0
10.0
10.0
3.0
10.0
10.0
10.0
10.0
10.0
10.0
20.0
10.0
1.0
20.0
3.0
10.0
10.0
3.0
3.0
10.0
10.0
3.0
1.0
3.0
20.0
10.0
3.0
10.0
10.0
2.0
3.0
1.0
2.0
10.0
10.0
3.0
10.0
10.0
10.0
10.0
20.0
2.0
3.0
10.0
20.0
10.0
10.0
20.0
20.0
36.0
1.0
1.0
10.0
10.0
10.0
10.0
10.0
3.0
10.0
1.0
10.0
1.0
10.0
1.0
10.0
26.0
10.0
20.0
