33.0
36.0
1.0
20.0
10.0
16.0
1.0
1.0
1.0
1.0
1.0
10.0
16.0
10.0
10.0
20.0
20.0
10.0
4.0
4.0
16.0
4.0
10.0
10.0
10.0
10.0
10.0
10.0
10.0
10.0
10.0
16.0
10.0
16.0
16.0
16.0
15.0
4.0
16.0
16.0
4.0
16.0
16.0
16.0
20.0
20.0
33.0
16.0
33.0
33.0
16.0
15.0
15.0
33.0
33.0
10.0
15.0
33.0
10.0
16.0
33.0
16.0
33.0
20.0
20.0
16.0
16.0
10.0
33.0
10.0
1.0
1.0
1.0
1.0
16.0
16.0
20.0
4.0
20.0
10.0
16.0
10.0
36.0
16.0
10.0
4.0
10.0
1.0
10.0
10.0
16.0
10.0
10.0
20.0
16.0
10.0
33.0
10.0
20.0
20.0
10.0
10.0
16.0
10.0
20.0
10.0
33.0
10.0
1.0
10.0
33.0
33.0
33.0
10.0
33.0
10.0
10.0
10.0
10.0
4.0
10.0
1.0
10.0
10.0
10.0
10.0
10.0
10.0
10.0
10.0
10.0
10.0
10.0
10.0
10.0
10.0
10.0
10.0
10.0
10.0
10.0
1.0
36.0
16.0
1.0
1.0
36.0
36.0
36.0
10.0
13.0
36.0
4.0
10.0
1.0
16.0
16.0
36.0
33.0
33.0
36.0
33.0
33.0
10.0
33.0
33.0
16.0
1.0
15.0
10.0
16.0
33.0
10.0
1.0
10.0
10.0
10.0
10.0
10.0
10.0
1.0
10.0
10.0
10.0
10.0
10.0
10.0
16.0
16.0
16.0
16.0
1.0
16.0
4.0
20.0
16.0
1.0
33.0
33.0
15.0
1.0
16.0
10.0
10.0
10.0
10.0
10.0
10.0
10.0
10.0
10.0
10.0
10.0
10.0
10.0
10.0
10.0
10.0
10.0
10.0
10.0
10.0
10.0
10.0
10.0
10.0
10.0
10.0
10.0
10.0
10.0
10.0
10.0
10.0
10.0
33.0
10.0
10.0
10.0
10.0
10.0
10.0
16.0
10.0
1.0
4.0
33.0
10.0
10.0
33.0
33.0
10.0
10.0
33.0
1.0
33.0
4.0
10.0
33.0
10.0
10.0
10.0
33.0
1.0
10.0
10.0
10.0
33.0
10.0
10.0
10.0
10.0
20.0
10.0
33.0
10.0
4.0
10.0
10.0
4.0
4.0
16.0
1.0
1.0
10.0
10.0
10.0
10.0
10.0
15.0
10.0
1.0
10.0
36.0
10.0
36.0
10.0
20.0
10.0
16.0
