2.0
43.0
1.0
20.0
45.0
43.0
37.0
1.0
37.0
37.0
1.0
2.0
16.0
20.0
2.0
20.0
20.0
2.0
5.0
5.0
16.0
5.0
8.0
8.0
8.0
37.0
37.0
8.0
45.0
45.0
8.0
16.0
2.0
16.0
16.0
16.0
2.0
5.0
16.0
5.0
5.0
16.0
16.0
20.0
20.0
20.0
2.0
5.0
2.0
2.0
16.0
2.0
15.0
2.0
2.0
2.0
2.0
5.0
2.0
16.0
2.0
43.0
2.0
20.0
20.0
16.0
16.0
45.0
2.0
37.0
1.0
1.0
1.0
1.0
16.0
20.0
20.0
19.0
20.0
45.0
43.0
37.0
43.0
20.0
45.0
5.0
45.0
1.0
2.0
8.0
43.0
45.0
37.0
20.0
16.0
37.0
2.0
2.0
20.0
20.0
8.0
2.0
16.0
45.0
20.0
8.0
2.0
8.0
37.0
2.0
2.0
2.0
2.0
2.0
2.0
2.0
2.0
45.0
37.0
19.0
37.0
1.0
45.0
45.0
45.0
45.0
45.0
45.0
45.0
45.0
2.0
45.0
45.0
45.0
45.0
45.0
45.0
45.0
45.0
45.0
45.0
1.0
43.0
43.0
1.0
37.0
43.0
43.0
43.0
37.0
37.0
43.0
5.0
37.0
37.0
5.0
16.0
43.0
2.0
2.0
1.0
2.0
2.0
45.0
2.0
2.0
16.0
37.0
2.0
37.0
16.0
2.0
8.0
1.0
45.0
37.0
45.0
45.0
45.0
45.0
1.0
45.0
45.0
45.0
37.0
37.0
45.0
16.0
16.0
16.0
16.0
1.0
16.0
5.0
20.0
20.0
1.0
2.0
2.0
2.0
1.0
16.0
45.0
45.0
45.0
45.0
45.0
45.0
45.0
45.0
45.0
45.0
45.0
45.0
45.0
45.0
45.0
45.0
37.0
45.0
45.0
45.0
45.0
45.0
37.0
37.0
45.0
37.0
37.0
45.0
37.0
45.0
45.0
45.0
37.0
2.0
45.0
45.0
45.0
45.0
45.0
45.0
5.0
37.0
1.0
5.0
2.0
37.0
45.0
2.0
2.0
45.0
45.0
2.0
1.0
15.0
5.0
45.0
2.0
37.0
45.0
2.0
2.0
1.0
2.0
37.0
37.0
2.0
37.0
45.0
37.0
37.0
20.0
2.0
2.0
45.0
15.0
45.0
37.0
15.0
15.0
43.0
1.0
1.0
45.0
45.0
45.0
45.0
45.0
2.0
45.0
37.0
45.0
43.0
45.0
1.0
45.0
20.0
37.0
5.0
