2.0
36.0
31.0
20.0
10.0
36.0
36.0
31.0
10.0
43.0
36.0
22.0
20.0
22.0
22.0
20.0
20.0
22.0
4.0
4.0
20.0
4.0
22.0
8.0
10.0
10.0
10.0
22.0
10.0
10.0
8.0
20.0
22.0
20.0
20.0
20.0
22.0
4.0
20.0
4.0
4.0
20.0
20.0
20.0
20.0
20.0
4.0
4.0
4.0
4.0
20.0
15.0
15.0
4.0
4.0
22.0
15.0
4.0
22.0
20.0
4.0
6.0
4.0
20.0
20.0
20.0
20.0
10.0
4.0
10.0
36.0
36.0
31.0
36.0
20.0
20.0
20.0
15.0
20.0
10.0
20.0
10.0
36.0
20.0
10.0
4.0
10.0
31.0
22.0
22.0
6.0
10.0
10.0
20.0
20.0
10.0
2.0
22.0
20.0
20.0
8.0
22.0
20.0
10.0
20.0
8.0
2.0
22.0
48.0
22.0
4.0
4.0
2.0
22.0
2.0
22.0
22.0
10.0
10.0
15.0
10.0
1.0
10.0
10.0
10.0
10.0
10.0
10.0
10.0
10.0
22.0
10.0
10.0
10.0
10.0
10.0
10.0
10.0
10.0
10.0
10.0
36.0
6.0
6.0
1.0
48.0
36.0
6.0
6.0
10.0
10.0
6.0
4.0
10.0
10.0
4.0
20.0
6.0
4.0
4.0
36.0
4.0
4.0
10.0
4.0
4.0
20.0
48.0
15.0
10.0
20.0
4.0
8.0
31.0
10.0
10.0
10.0
10.0
10.0
10.0
31.0
10.0
10.0
10.0
10.0
10.0
10.0
20.0
20.0
20.0
20.0
31.0
20.0
4.0
20.0
20.0
31.0
4.0
4.0
22.0
36.0
20.0
10.0
10.0
10.0
10.0
10.0
10.0
10.0
10.0
10.0
10.0
10.0
10.0
10.0
10.0
10.0
10.0
10.0
10.0
10.0
10.0
10.0
10.0
10.0
10.0
10.0
10.0
10.0
10.0
10.0
10.0
10.0
10.0
10.0
4.0
10.0
10.0
10.0
10.0
10.0
10.0
4.0
10.0
48.0
4.0
2.0
10.0
10.0
4.0
4.0
10.0
10.0
4.0
1.0
4.0
4.0
10.0
4.0
10.0
10.0
22.0
4.0
36.0
22.0
10.0
10.0
15.0
10.0
10.0
10.0
10.0
20.0
22.0
4.0
10.0
4.0
10.0
10.0
4.0
15.0
6.0
36.0
36.0
10.0
10.0
10.0
10.0
10.0
15.0
10.0
10.0
10.0
36.0
10.0
36.0
10.0
20.0
10.0
20.0
