4.0
43.0
1.0
20.0
7.0
43.0
43.0
1.0
1.0
43.0
1.0
22.0
16.0
20.0
22.0
20.0
20.0
22.0
4.0
4.0
16.0
4.0
8.0
8.0
8.0
7.0
7.0
8.0
7.0
7.0
8.0
16.0
22.0
16.0
16.0
16.0
22.0
4.0
16.0
16.0
4.0
16.0
16.0
20.0
20.0
20.0
4.0
16.0
4.0
4.0
20.0
4.0
20.0
4.0
4.0
22.0
2.0
4.0
22.0
16.0
4.0
43.0
4.0
20.0
20.0
20.0
20.0
7.0
4.0
7.0
1.0
1.0
1.0
1.0
16.0
20.0
20.0
43.0
20.0
7.0
16.0
7.0
43.0
20.0
7.0
4.0
7.0
1.0
22.0
29.0
43.0
7.0
7.0
20.0
16.0
7.0
4.0
22.0
20.0
20.0
8.0
22.0
16.0
7.0
20.0
8.0
4.0
22.0
1.0
22.0
4.0
4.0
4.0
22.0
4.0
22.0
22.0
7.0
7.0
43.0
7.0
1.0
7.0
7.0
7.0
7.0
7.0
7.0
7.0
7.0
22.0
7.0
7.0
7.0
7.0
7.0
7.0
7.0
7.0
7.0
7.0
1.0
43.0
43.0
1.0
1.0
43.0
43.0
43.0
7.0
1.0
43.0
4.0
7.0
1.0
16.0
16.0
43.0
4.0
4.0
1.0
4.0
4.0
7.0
4.0
4.0
16.0
1.0
4.0
7.0
16.0
4.0
8.0
1.0
7.0
7.0
7.0
7.0
7.0
7.0
1.0
7.0
7.0
7.0
7.0
7.0
7.0
16.0
16.0
16.0
16.0
1.0
16.0
4.0
20.0
20.0
1.0
4.0
4.0
22.0
1.0
16.0
7.0
7.0
7.0
7.0
7.0
7.0
7.0
7.0
7.0
7.0
7.0
7.0
7.0
7.0
7.0
7.0
7.0
7.0
7.0
7.0
7.0
7.0
7.0
7.0
7.0
7.0
7.0
7.0
7.0
7.0
7.0
7.0
7.0
4.0
7.0
7.0
7.0
7.0
7.0
7.0
16.0
7.0
1.0
4.0
4.0
7.0
7.0
4.0
4.0
7.0
7.0
4.0
1.0
4.0
4.0
7.0
4.0
7.0
7.0
22.0
4.0
1.0
22.0
7.0
7.0
4.0
7.0
7.0
7.0
7.0
16.0
22.0
4.0
7.0
4.0
7.0
7.0
4.0
4.0
43.0
1.0
1.0
7.0
7.0
7.0
7.0
7.0
4.0
7.0
1.0
7.0
43.0
7.0
1.0
7.0
20.0
7.0
20.0
