4.0
6.0
36.0
20.0
10.0
20.0
36.0
36.0
37.0
20.0
36.0
8.0
20.0
8.0
8.0
20.0
20.0
8.0
4.0
4.0
20.0
4.0
8.0
8.0
8.0
10.0
10.0
8.0
10.0
10.0
8.0
20.0
8.0
20.0
20.0
20.0
8.0
4.0
20.0
16.0
4.0
20.0
20.0
20.0
20.0
20.0
4.0
20.0
4.0
4.0
20.0
8.0
8.0
4.0
4.0
8.0
8.0
4.0
8.0
20.0
4.0
6.0
4.0
20.0
20.0
20.0
20.0
10.0
4.0
10.0
36.0
36.0
36.0
36.0
20.0
20.0
20.0
8.0
20.0
10.0
20.0
10.0
36.0
20.0
10.0
4.0
10.0
36.0
8.0
8.0
20.0
10.0
10.0
20.0
20.0
10.0
4.0
8.0
20.0
20.0
8.0
8.0
20.0
10.0
20.0
8.0
4.0
8.0
1.0
8.0
4.0
4.0
4.0
8.0
4.0
8.0
8.0
10.0
10.0
8.0
10.0
1.0
10.0
10.0
10.0
10.0
10.0
10.0
10.0
10.0
8.0
10.0
10.0
10.0
10.0
10.0
10.0
10.0
10.0
10.0
10.0
36.0
6.0
6.0
36.0
1.0
36.0
6.0
6.0
10.0
10.0
6.0
4.0
10.0
1.0
16.0
20.0
6.0
4.0
4.0
36.0
4.0
4.0
10.0
4.0
4.0
20.0
1.0
8.0
10.0
16.0
4.0
8.0
36.0
10.0
10.0
10.0
10.0
10.0
10.0
36.0
10.0
10.0
10.0
10.0
10.0
10.0
20.0
20.0
20.0
20.0
36.0
20.0
4.0
20.0
20.0
31.0
4.0
4.0
8.0
36.0
20.0
10.0
10.0
10.0
10.0
10.0
10.0
10.0
10.0
10.0
10.0
10.0
10.0
10.0
10.0
10.0
10.0
10.0
10.0
10.0
10.0
10.0
10.0
10.0
10.0
10.0
10.0
10.0
10.0
10.0
10.0
10.0
10.0
10.0
4.0
10.0
10.0
10.0
10.0
10.0
10.0
4.0
10.0
1.0
4.0
4.0
10.0
10.0
4.0
4.0
10.0
10.0
4.0
1.0
4.0
4.0
10.0
4.0
10.0
10.0
8.0
4.0
36.0
8.0
10.0
10.0
4.0
10.0
10.0
10.0
10.0
8.0
8.0
4.0
10.0
4.0
10.0
10.0
4.0
4.0
6.0
36.0
36.0
10.0
10.0
10.0
10.0
10.0
4.0
10.0
1.0
10.0
6.0
10.0
36.0
10.0
20.0
10.0
20.0
