33.0
1.0
1.0
20.0
10.0
20.0
1.0
1.0
37.0
37.0
1.0
22.0
20.0
20.0
22.0
20.0
20.0
8.0
33.0
33.0
20.0
33.0
8.0
8.0
8.0
10.0
10.0
8.0
10.0
10.0
8.0
16.0
8.0
20.0
20.0
20.0
22.0
33.0
20.0
16.0
33.0
20.0
20.0
20.0
20.0
20.0
33.0
16.0
33.0
33.0
16.0
33.0
22.0
33.0
33.0
22.0
33.0
33.0
8.0
20.0
33.0
1.0
33.0
20.0
20.0
20.0
20.0
10.0
33.0
10.0
1.0
1.0
1.0
1.0
20.0
20.0
20.0
3.0
20.0
10.0
20.0
10.0
1.0
20.0
10.0
33.0
10.0
1.0
8.0
8.0
1.0
10.0
10.0
20.0
20.0
10.0
33.0
22.0
20.0
20.0
8.0
22.0
43.0
10.0
20.0
8.0
33.0
8.0
37.0
22.0
33.0
33.0
33.0
8.0
33.0
8.0
22.0
10.0
10.0
34.0
37.0
1.0
10.0
10.0
10.0
10.0
10.0
10.0
10.0
10.0
22.0
10.0
10.0
10.0
10.0
10.0
10.0
10.0
10.0
10.0
10.0
1.0
1.0
43.0
1.0
37.0
1.0
1.0
1.0
10.0
37.0
1.0
33.0
10.0
37.0
16.0
20.0
1.0
33.0
33.0
1.0
33.0
33.0
10.0
33.0
33.0
20.0
37.0
33.0
10.0
20.0
33.0
8.0
1.0
10.0
10.0
10.0
10.0
10.0
10.0
1.0
10.0
10.0
10.0
10.0
10.0
10.0
20.0
20.0
20.0
20.0
1.0
20.0
33.0
20.0
20.0
1.0
33.0
33.0
22.0
1.0
43.0
10.0
10.0
10.0
10.0
10.0
10.0
10.0
10.0
10.0
10.0
10.0
10.0
10.0
10.0
10.0
10.0
10.0
10.0
10.0
10.0
10.0
10.0
10.0
10.0
10.0
10.0
37.0
10.0
10.0
10.0
10.0
10.0
10.0
33.0
10.0
10.0
10.0
10.0
10.0
10.0
16.0
10.0
37.0
33.0
33.0
10.0
10.0
33.0
33.0
10.0
10.0
33.0
1.0
33.0
33.0
10.0
33.0
10.0
10.0
22.0
33.0
1.0
22.0
10.0
10.0
33.0
10.0
10.0
10.0
37.0
20.0
22.0
33.0
10.0
33.0
10.0
37.0
33.0
33.0
1.0
1.0
1.0
10.0
10.0
10.0
10.0
10.0
33.0
10.0
37.0
10.0
1.0
10.0
1.0
10.0
20.0
10.0
16.0
