4.0
16.0
1.0
4.0
45.0
16.0
1.0
1.0
37.0
1.0
1.0
22.0
16.0
20.0
2.0
20.0
20.0
2.0
4.0
4.0
16.0
4.0
10.0
10.0
10.0
37.0
37.0
10.0
45.0
45.0
10.0
4.0
2.0
16.0
16.0
16.0
22.0
4.0
16.0
4.0
4.0
16.0
16.0
16.0
16.0
16.0
4.0
4.0
4.0
4.0
4.0
4.0
22.0
4.0
4.0
2.0
19.0
4.0
2.0
16.0
4.0
16.0
4.0
4.0
16.0
16.0
4.0
45.0
4.0
37.0
1.0
1.0
1.0
1.0
16.0
16.0
20.0
8.0
16.0
45.0
16.0
37.0
1.0
16.0
45.0
4.0
45.0
1.0
2.0
10.0
16.0
45.0
37.0
20.0
4.0
37.0
4.0
2.0
16.0
20.0
10.0
2.0
16.0
45.0
20.0
10.0
4.0
29.0
37.0
22.0
4.0
4.0
4.0
2.0
4.0
2.0
2.0
45.0
37.0
19.0
37.0
1.0
45.0
45.0
45.0
45.0
45.0
45.0
45.0
45.0
2.0
45.0
45.0
45.0
45.0
45.0
45.0
45.0
45.0
45.0
45.0
1.0
16.0
16.0
1.0
1.0
1.0
16.0
16.0
37.0
37.0
16.0
4.0
37.0
37.0
4.0
16.0
16.0
4.0
4.0
1.0
4.0
4.0
45.0
4.0
4.0
16.0
37.0
4.0
37.0
16.0
4.0
10.0
1.0
45.0
37.0
45.0
45.0
45.0
45.0
1.0
45.0
45.0
45.0
45.0
37.0
45.0
16.0
16.0
16.0
16.0
1.0
16.0
4.0
20.0
16.0
1.0
4.0
4.0
22.0
1.0
16.0
45.0
45.0
45.0
45.0
45.0
45.0
45.0
45.0
45.0
45.0
45.0
45.0
45.0
45.0
45.0
45.0
37.0
45.0
45.0
45.0
45.0
45.0
37.0
37.0
45.0
37.0
37.0
45.0
37.0
45.0
45.0
45.0
37.0
4.0
45.0
45.0
45.0
45.0
45.0
45.0
4.0
37.0
1.0
4.0
4.0
37.0
45.0
4.0
4.0
45.0
45.0
4.0
1.0
4.0
4.0
45.0
4.0
37.0
45.0
2.0
4.0
1.0
22.0
37.0
37.0
4.0
37.0
45.0
37.0
37.0
8.0
2.0
4.0
45.0
4.0
45.0
37.0
4.0
4.0
16.0
1.0
1.0
45.0
45.0
45.0
45.0
45.0
4.0
45.0
37.0
45.0
1.0
45.0
1.0
45.0
20.0
37.0
4.0
