4.0
6.0
36.0
20.0
10.0
20.0
37.0
36.0
37.0
20.0
36.0
22.0
20.0
22.0
10.0
20.0
20.0
10.0
4.0
4.0
20.0
4.0
29.0
10.0
29.0
10.0
10.0
29.0
10.0
10.0
29.0
20.0
10.0
20.0
20.0
20.0
22.0
4.0
20.0
4.0
4.0
20.0
20.0
20.0
20.0
20.0
4.0
20.0
4.0
4.0
20.0
4.0
22.0
4.0
4.0
2.0
22.0
4.0
10.0
20.0
4.0
6.0
4.0
20.0
20.0
20.0
20.0
10.0
4.0
10.0
36.0
36.0
36.0
36.0
20.0
20.0
20.0
22.0
20.0
10.0
20.0
10.0
36.0
20.0
10.0
4.0
10.0
36.0
10.0
29.0
20.0
10.0
10.0
20.0
20.0
10.0
4.0
2.0
20.0
20.0
10.0
10.0
20.0
10.0
20.0
10.0
4.0
10.0
10.0
22.0
4.0
4.0
4.0
10.0
4.0
10.0
10.0
10.0
10.0
22.0
10.0
36.0
10.0
10.0
10.0
10.0
10.0
10.0
10.0
10.0
2.0
10.0
10.0
10.0
10.0
10.0
10.0
10.0
10.0
10.0
10.0
36.0
6.0
6.0
36.0
10.0
36.0
6.0
6.0
10.0
10.0
6.0
4.0
10.0
10.0
4.0
20.0
6.0
4.0
4.0
36.0
4.0
4.0
10.0
4.0
4.0
20.0
37.0
4.0
10.0
20.0
4.0
12.0
36.0
10.0
10.0
10.0
10.0
10.0
10.0
36.0
10.0
10.0
10.0
10.0
10.0
10.0
20.0
20.0
20.0
20.0
36.0
20.0
4.0
20.0
20.0
36.0
4.0
4.0
22.0
36.0
20.0
10.0
10.0
10.0
10.0
10.0
10.0
10.0
10.0
10.0
10.0
10.0
10.0
10.0
10.0
10.0
10.0
10.0
10.0
10.0
10.0
10.0
10.0
10.0
10.0
10.0
10.0
10.0
10.0
10.0
10.0
10.0
10.0
10.0
4.0
10.0
10.0
10.0
10.0
10.0
10.0
4.0
10.0
37.0
4.0
4.0
10.0
10.0
4.0
4.0
10.0
10.0
4.0
36.0
4.0
4.0
10.0
4.0
10.0
10.0
2.0
4.0
36.0
2.0
10.0
10.0
4.0
10.0
10.0
10.0
10.0
20.0
2.0
4.0
10.0
4.0
10.0
10.0
4.0
4.0
6.0
36.0
36.0
10.0
10.0
10.0
10.0
10.0
4.0
10.0
10.0
10.0
6.0
10.0
36.0
10.0
20.0
10.0
20.0
