4.0
43.0
1.0
4.0
45.0
20.0
1.0
1.0
1.0
43.0
1.0
8.0
20.0
20.0
8.0
20.0
20.0
8.0
4.0
4.0
20.0
4.0
8.0
8.0
8.0
45.0
45.0
8.0
38.0
38.0
8.0
4.0
8.0
20.0
20.0
20.0
8.0
4.0
20.0
4.0
4.0
20.0
20.0
20.0
20.0
20.0
4.0
4.0
4.0
4.0
4.0
4.0
4.0
4.0
4.0
8.0
4.0
4.0
8.0
20.0
4.0
43.0
4.0
20.0
20.0
20.0
4.0
45.0
4.0
45.0
1.0
1.0
1.0
1.0
20.0
20.0
20.0
8.0
20.0
45.0
20.0
45.0
1.0
20.0
38.0
4.0
45.0
1.0
8.0
8.0
43.0
45.0
45.0
20.0
4.0
45.0
4.0
8.0
20.0
20.0
8.0
8.0
43.0
38.0
20.0
8.0
4.0
8.0
1.0
8.0
4.0
4.0
4.0
8.0
4.0
8.0
8.0
45.0
45.0
43.0
10.0
1.0
38.0
38.0
38.0
38.0
38.0
45.0
38.0
38.0
8.0
38.0
38.0
38.0
38.0
38.0
38.0
45.0
38.0
38.0
38.0
1.0
43.0
43.0
1.0
1.0
1.0
43.0
43.0
45.0
37.0
43.0
4.0
45.0
1.0
4.0
20.0
43.0
4.0
4.0
1.0
4.0
4.0
45.0
4.0
4.0
20.0
1.0
4.0
10.0
20.0
4.0
8.0
1.0
45.0
10.0
45.0
38.0
45.0
38.0
1.0
38.0
38.0
45.0
45.0
10.0
38.0
20.0
20.0
20.0
20.0
1.0
20.0
4.0
20.0
20.0
1.0
4.0
4.0
8.0
1.0
43.0
45.0
38.0
45.0
38.0
45.0
45.0
45.0
45.0
38.0
45.0
45.0
45.0
45.0
45.0
38.0
38.0
45.0
45.0
38.0
38.0
38.0
38.0
45.0
45.0
45.0
45.0
10.0
45.0
45.0
45.0
45.0
45.0
45.0
4.0
45.0
45.0
38.0
45.0
45.0
38.0
4.0
45.0
1.0
4.0
4.0
45.0
45.0
4.0
4.0
45.0
45.0
4.0
1.0
4.0
4.0
45.0
4.0
45.0
45.0
8.0
4.0
1.0
8.0
45.0
45.0
4.0
45.0
38.0
45.0
10.0
20.0
8.0
4.0
38.0
4.0
38.0
1.0
4.0
4.0
43.0
1.0
1.0
38.0
45.0
38.0
45.0
38.0
4.0
45.0
1.0
38.0
43.0
38.0
1.0
38.0
20.0
45.0
4.0
