4.0
43.0
1.0
20.0
10.0
20.0
43.0
1.0
10.0
20.0
1.0
22.0
20.0
22.0
8.0
20.0
20.0
8.0
4.0
4.0
20.0
4.0
8.0
8.0
8.0
10.0
10.0
8.0
10.0
10.0
8.0
20.0
8.0
20.0
20.0
20.0
22.0
4.0
20.0
16.0
4.0
20.0
20.0
20.0
20.0
20.0
4.0
20.0
4.0
4.0
20.0
3.0
22.0
4.0
4.0
8.0
22.0
4.0
8.0
20.0
4.0
43.0
4.0
20.0
20.0
20.0
20.0
10.0
4.0
10.0
1.0
1.0
1.0
1.0
20.0
20.0
20.0
34.0
20.0
10.0
20.0
10.0
1.0
20.0
10.0
4.0
10.0
1.0
8.0
8.0
20.0
10.0
10.0
20.0
20.0
10.0
4.0
8.0
20.0
20.0
10.0
8.0
20.0
10.0
20.0
10.0
4.0
8.0
1.0
8.0
4.0
4.0
4.0
8.0
4.0
8.0
8.0
10.0
10.0
34.0
10.0
1.0
10.0
10.0
10.0
10.0
10.0
10.0
10.0
10.0
8.0
10.0
10.0
10.0
10.0
10.0
10.0
10.0
10.0
10.0
10.0
1.0
34.0
34.0
1.0
1.0
1.0
43.0
34.0
10.0
1.0
34.0
4.0
10.0
1.0
16.0
20.0
43.0
4.0
4.0
1.0
4.0
4.0
10.0
4.0
4.0
20.0
1.0
4.0
10.0
20.0
4.0
10.0
1.0
10.0
10.0
10.0
10.0
10.0
10.0
1.0
10.0
10.0
10.0
10.0
10.0
10.0
20.0
20.0
20.0
20.0
1.0
20.0
4.0
20.0
20.0
1.0
4.0
4.0
22.0
1.0
34.0
10.0
10.0
10.0
10.0
10.0
10.0
10.0
10.0
10.0
10.0
10.0
10.0
10.0
10.0
10.0
10.0
10.0
10.0
10.0
10.0
10.0
10.0
10.0
10.0
10.0
10.0
10.0
10.0
10.0
10.0
10.0
10.0
10.0
4.0
10.0
10.0
10.0
10.0
10.0
10.0
4.0
10.0
1.0
4.0
4.0
10.0
10.0
4.0
4.0
10.0
10.0
4.0
1.0
4.0
4.0
10.0
4.0
10.0
10.0
8.0
4.0
1.0
8.0
10.0
10.0
4.0
10.0
10.0
10.0
10.0
20.0
8.0
4.0
10.0
4.0
10.0
1.0
4.0
4.0
43.0
1.0
1.0
10.0
10.0
10.0
10.0
10.0
4.0
10.0
1.0
10.0
43.0
10.0
1.0
10.0
20.0
10.0
20.0
