8.0
43.0
36.0
20.0
10.0
43.0
1.0
36.0
10.0
1.0
36.0
22.0
16.0
22.0
22.0
20.0
20.0
22.0
4.0
4.0
16.0
4.0
10.0
10.0
10.0
10.0
10.0
10.0
10.0
10.0
10.0
16.0
22.0
16.0
16.0
16.0
22.0
4.0
16.0
16.0
4.0
16.0
16.0
20.0
20.0
20.0
4.0
16.0
4.0
4.0
16.0
15.0
20.0
4.0
4.0
22.0
8.0
4.0
22.0
16.0
4.0
43.0
4.0
20.0
20.0
20.0
16.0
10.0
4.0
10.0
36.0
36.0
36.0
36.0
16.0
20.0
20.0
8.0
20.0
10.0
43.0
10.0
36.0
20.0
10.0
4.0
10.0
36.0
22.0
10.0
43.0
10.0
10.0
20.0
16.0
10.0
8.0
22.0
20.0
20.0
10.0
22.0
43.0
10.0
20.0
10.0
8.0
10.0
48.0
22.0
4.0
4.0
8.0
22.0
8.0
22.0
22.0
10.0
10.0
8.0
10.0
36.0
10.0
10.0
10.0
10.0
10.0
10.0
10.0
10.0
22.0
10.0
10.0
10.0
10.0
10.0
10.0
10.0
10.0
10.0
10.0
36.0
43.0
43.0
36.0
48.0
36.0
43.0
43.0
10.0
10.0
43.0
4.0
10.0
48.0
16.0
16.0
43.0
4.0
4.0
36.0
4.0
4.0
10.0
4.0
4.0
16.0
48.0
15.0
10.0
16.0
4.0
10.0
36.0
10.0
10.0
10.0
10.0
10.0
10.0
36.0
10.0
10.0
10.0
10.0
10.0
10.0
16.0
16.0
16.0
16.0
36.0
20.0
4.0
20.0
20.0
36.0
8.0
8.0
22.0
36.0
43.0
10.0
10.0
10.0
10.0
10.0
10.0
10.0
10.0
10.0
10.0
10.0
10.0
10.0
10.0
10.0
10.0
10.0
10.0
10.0
10.0
10.0
10.0
10.0
10.0
10.0
10.0
10.0
10.0
10.0
10.0
10.0
10.0
10.0
4.0
10.0
10.0
10.0
10.0
10.0
10.0
16.0
10.0
48.0
4.0
8.0
10.0
10.0
4.0
4.0
10.0
10.0
4.0
36.0
4.0
4.0
10.0
4.0
10.0
10.0
22.0
8.0
36.0
22.0
10.0
10.0
8.0
10.0
10.0
10.0
10.0
20.0
22.0
4.0
10.0
15.0
10.0
10.0
15.0
15.0
43.0
36.0
36.0
10.0
10.0
10.0
10.0
10.0
15.0
10.0
48.0
10.0
43.0
10.0
36.0
10.0
20.0
10.0
16.0
