3.0
36.0
36.0
20.0
10.0
36.0
17.0
36.0
17.0
17.0
36.0
22.0
16.0
22.0
2.0
20.0
20.0
2.0
4.0
4.0
16.0
4.0
29.0
29.0
29.0
10.0
10.0
29.0
10.0
10.0
29.0
16.0
2.0
16.0
16.0
16.0
22.0
4.0
16.0
4.0
4.0
16.0
16.0
20.0
20.0
20.0
3.0
16.0
3.0
3.0
20.0
22.0
22.0
3.0
3.0
2.0
2.0
4.0
2.0
16.0
3.0
43.0
3.0
20.0
20.0
20.0
20.0
10.0
4.0
10.0
36.0
36.0
36.0
36.0
20.0
20.0
20.0
34.0
20.0
10.0
20.0
10.0
36.0
20.0
10.0
4.0
10.0
36.0
2.0
29.0
16.0
10.0
10.0
20.0
16.0
10.0
3.0
2.0
20.0
20.0
29.0
2.0
20.0
10.0
20.0
29.0
3.0
29.0
48.0
22.0
3.0
3.0
3.0
2.0
3.0
2.0
2.0
10.0
10.0
34.0
10.0
36.0
10.0
10.0
10.0
10.0
10.0
10.0
10.0
10.0
2.0
10.0
10.0
10.0
10.0
10.0
10.0
10.0
10.0
10.0
10.0
36.0
43.0
16.0
36.0
48.0
36.0
36.0
16.0
10.0
10.0
16.0
4.0
10.0
10.0
16.0
16.0
36.0
3.0
3.0
36.0
3.0
3.0
10.0
3.0
3.0
16.0
48.0
3.0
10.0
16.0
3.0
8.0
36.0
10.0
10.0
10.0
10.0
10.0
10.0
36.0
10.0
10.0
10.0
10.0
10.0
10.0
16.0
16.0
16.0
16.0
36.0
20.0
4.0
20.0
20.0
36.0
3.0
3.0
22.0
36.0
16.0
10.0
10.0
10.0
10.0
10.0
10.0
10.0
10.0
10.0
10.0
10.0
10.0
10.0
10.0
10.0
10.0
10.0
10.0
10.0
10.0
10.0
10.0
10.0
10.0
10.0
10.0
10.0
10.0
10.0
10.0
10.0
10.0
10.0
4.0
10.0
10.0
10.0
10.0
10.0
10.0
4.0
10.0
48.0
4.0
3.0
10.0
10.0
4.0
4.0
10.0
10.0
4.0
36.0
4.0
4.0
10.0
3.0
10.0
10.0
2.0
3.0
36.0
29.0
10.0
10.0
3.0
10.0
10.0
10.0
10.0
20.0
2.0
4.0
10.0
4.0
10.0
10.0
4.0
15.0
43.0
36.0
36.0
10.0
10.0
10.0
10.0
10.0
3.0
10.0
10.0
10.0
36.0
10.0
36.0
10.0
20.0
10.0
4.0
