4.0
43.0
1.0
4.0
10.0
43.0
43.0
1.0
1.0
43.0
1.0
22.0
16.0
22.0
22.0
16.0
16.0
29.0
4.0
4.0
16.0
4.0
29.0
29.0
29.0
10.0
10.0
29.0
10.0
10.0
29.0
4.0
22.0
16.0
16.0
16.0
22.0
4.0
16.0
4.0
4.0
16.0
16.0
16.0
16.0
16.0
4.0
4.0
4.0
4.0
4.0
15.0
15.0
4.0
4.0
22.0
2.0
4.0
29.0
16.0
4.0
43.0
4.0
16.0
16.0
16.0
4.0
10.0
4.0
10.0
1.0
1.0
1.0
1.0
16.0
16.0
16.0
4.0
16.0
10.0
16.0
10.0
43.0
16.0
10.0
4.0
10.0
1.0
29.0
29.0
43.0
10.0
10.0
16.0
16.0
10.0
4.0
22.0
16.0
16.0
29.0
22.0
16.0
10.0
16.0
29.0
4.0
29.0
1.0
22.0
4.0
4.0
4.0
29.0
4.0
29.0
22.0
10.0
10.0
3.0
10.0
19.0
10.0
10.0
10.0
10.0
10.0
10.0
10.0
10.0
22.0
10.0
10.0
10.0
10.0
10.0
10.0
10.0
10.0
10.0
10.0
1.0
43.0
43.0
1.0
1.0
43.0
43.0
43.0
10.0
10.0
43.0
4.0
10.0
1.0
4.0
16.0
43.0
4.0
4.0
43.0
4.0
4.0
10.0
4.0
4.0
16.0
1.0
15.0
10.0
16.0
4.0
19.0
1.0
10.0
10.0
10.0
10.0
10.0
10.0
1.0
10.0
10.0
10.0
10.0
10.0
10.0
16.0
16.0
16.0
16.0
1.0
16.0
4.0
20.0
16.0
1.0
4.0
4.0
22.0
1.0
16.0
10.0
10.0
10.0
10.0
10.0
10.0
10.0
10.0
10.0
10.0
10.0
10.0
10.0
10.0
10.0
10.0
10.0
10.0
10.0
10.0
10.0
10.0
10.0
10.0
10.0
10.0
10.0
10.0
10.0
10.0
10.0
10.0
10.0
4.0
10.0
10.0
10.0
10.0
10.0
10.0
4.0
10.0
1.0
4.0
4.0
10.0
10.0
4.0
4.0
10.0
10.0
4.0
1.0
4.0
4.0
10.0
4.0
10.0
10.0
22.0
4.0
1.0
22.0
10.0
10.0
15.0
10.0
10.0
10.0
10.0
16.0
22.0
4.0
10.0
4.0
10.0
10.0
4.0
4.0
43.0
1.0
1.0
10.0
10.0
10.0
10.0
10.0
4.0
10.0
19.0
10.0
43.0
10.0
1.0
10.0
4.0
10.0
4.0
