4.0
43.0
1.0
20.0
10.0
43.0
1.0
1.0
37.0
37.0
1.0
2.0
16.0
22.0
2.0
20.0
20.0
10.0
4.0
4.0
43.0
4.0
10.0
10.0
10.0
37.0
37.0
10.0
10.0
10.0
10.0
16.0
2.0
16.0
16.0
16.0
2.0
4.0
16.0
4.0
4.0
16.0
15.0
20.0
20.0
20.0
4.0
16.0
4.0
4.0
20.0
2.0
2.0
4.0
4.0
2.0
2.0
4.0
10.0
16.0
4.0
43.0
4.0
20.0
20.0
20.0
20.0
10.0
4.0
37.0
1.0
1.0
1.0
1.0
16.0
20.0
20.0
43.0
20.0
10.0
43.0
37.0
1.0
20.0
10.0
4.0
10.0
1.0
10.0
10.0
43.0
10.0
37.0
20.0
16.0
37.0
4.0
2.0
20.0
20.0
10.0
2.0
43.0
10.0
20.0
10.0
4.0
10.0
37.0
2.0
4.0
4.0
4.0
10.0
2.0
10.0
2.0
10.0
37.0
43.0
37.0
1.0
10.0
10.0
10.0
10.0
10.0
10.0
10.0
10.0
2.0
10.0
10.0
10.0
10.0
10.0
10.0
10.0
10.0
10.0
10.0
1.0
43.0
43.0
1.0
37.0
1.0
43.0
43.0
37.0
37.0
43.0
4.0
37.0
37.0
4.0
15.0
43.0
4.0
4.0
1.0
4.0
4.0
10.0
4.0
4.0
43.0
37.0
2.0
37.0
16.0
4.0
10.0
1.0
10.0
37.0
10.0
10.0
10.0
10.0
1.0
10.0
10.0
10.0
10.0
37.0
10.0
16.0
16.0
16.0
20.0
1.0
20.0
4.0
20.0
20.0
1.0
2.0
4.0
2.0
1.0
43.0
10.0
10.0
10.0
10.0
10.0
10.0
10.0
10.0
10.0
10.0
10.0
10.0
10.0
10.0
10.0
10.0
37.0
10.0
10.0
10.0
10.0
10.0
37.0
37.0
10.0
37.0
37.0
10.0
37.0
10.0
10.0
10.0
37.0
4.0
10.0
10.0
10.0
10.0
10.0
10.0
4.0
37.0
37.0
4.0
2.0
37.0
10.0
4.0
4.0
10.0
10.0
4.0
1.0
4.0
4.0
10.0
4.0
37.0
10.0
2.0
4.0
1.0
2.0
37.0
37.0
2.0
37.0
10.0
37.0
37.0
20.0
2.0
4.0
10.0
4.0
10.0
37.0
4.0
4.0
43.0
1.0
1.0
10.0
10.0
10.0
10.0
10.0
2.0
10.0
37.0
10.0
43.0
10.0
1.0
10.0
20.0
37.0
20.0
