4.0
43.0
36.0
4.0
10.0
43.0
37.0
36.0
37.0
43.0
36.0
22.0
16.0
22.0
10.0
16.0
16.0
10.0
4.0
4.0
16.0
4.0
10.0
10.0
10.0
10.0
10.0
10.0
10.0
10.0
10.0
16.0
10.0
16.0
16.0
16.0
22.0
4.0
16.0
4.0
4.0
16.0
16.0
16.0
16.0
16.0
4.0
16.0
4.0
4.0
16.0
8.0
22.0
4.0
4.0
22.0
8.0
4.0
10.0
16.0
4.0
43.0
4.0
16.0
16.0
16.0
16.0
10.0
4.0
10.0
36.0
36.0
36.0
36.0
16.0
16.0
16.0
3.0
16.0
10.0
43.0
10.0
36.0
16.0
10.0
4.0
10.0
36.0
10.0
10.0
43.0
10.0
10.0
16.0
16.0
10.0
4.0
10.0
16.0
16.0
10.0
10.0
43.0
10.0
16.0
10.0
4.0
10.0
37.0
22.0
4.0
4.0
4.0
10.0
4.0
10.0
10.0
10.0
10.0
43.0
10.0
1.0
10.0
10.0
10.0
10.0
10.0
10.0
10.0
10.0
10.0
10.0
10.0
10.0
10.0
10.0
10.0
10.0
10.0
10.0
10.0
36.0
43.0
43.0
36.0
37.0
36.0
43.0
43.0
10.0
37.0
43.0
4.0
10.0
37.0
4.0
16.0
43.0
4.0
4.0
36.0
4.0
4.0
10.0
4.0
4.0
16.0
37.0
4.0
10.0
16.0
4.0
43.0
36.0
10.0
10.0
10.0
10.0
10.0
10.0
36.0
10.0
10.0
10.0
10.0
10.0
10.0
16.0
16.0
16.0
16.0
36.0
16.0
4.0
20.0
16.0
36.0
4.0
4.0
22.0
36.0
43.0
10.0
10.0
10.0
10.0
10.0
10.0
10.0
10.0
10.0
10.0
10.0
10.0
10.0
10.0
10.0
10.0
10.0
10.0
10.0
10.0
10.0
10.0
10.0
10.0
10.0
10.0
10.0
10.0
10.0
10.0
10.0
10.0
10.0
4.0
10.0
10.0
10.0
10.0
10.0
10.0
4.0
10.0
37.0
4.0
4.0
10.0
10.0
4.0
4.0
10.0
10.0
4.0
37.0
4.0
4.0
10.0
4.0
10.0
10.0
22.0
4.0
36.0
22.0
10.0
10.0
8.0
10.0
10.0
10.0
10.0
20.0
22.0
4.0
10.0
4.0
10.0
10.0
4.0
4.0
43.0
36.0
36.0
10.0
10.0
10.0
10.0
10.0
4.0
10.0
37.0
10.0
43.0
10.0
36.0
10.0
20.0
10.0
4.0
