4.0
43.0
1.0
20.0
10.0
20.0
43.0
1.0
43.0
43.0
43.0
8.0
16.0
8.0
29.0
20.0
20.0
29.0
4.0
4.0
16.0
4.0
29.0
29.0
29.0
10.0
10.0
29.0
10.0
10.0
29.0
16.0
29.0
16.0
16.0
16.0
8.0
4.0
16.0
16.0
4.0
16.0
16.0
20.0
20.0
20.0
4.0
16.0
4.0
4.0
20.0
4.0
8.0
4.0
4.0
8.0
8.0
4.0
29.0
16.0
4.0
43.0
4.0
20.0
20.0
20.0
20.0
10.0
4.0
10.0
1.0
1.0
1.0
1.0
20.0
20.0
20.0
8.0
20.0
10.0
43.0
10.0
43.0
20.0
10.0
4.0
10.0
1.0
29.0
29.0
43.0
10.0
10.0
20.0
20.0
10.0
4.0
8.0
20.0
20.0
8.0
8.0
43.0
10.0
20.0
8.0
4.0
29.0
13.0
8.0
4.0
4.0
4.0
29.0
4.0
29.0
29.0
10.0
10.0
8.0
10.0
1.0
10.0
10.0
10.0
10.0
10.0
10.0
10.0
10.0
8.0
10.0
10.0
10.0
10.0
10.0
10.0
10.0
10.0
10.0
10.0
1.0
43.0
43.0
1.0
1.0
43.0
43.0
43.0
10.0
10.0
43.0
4.0
10.0
10.0
16.0
16.0
43.0
4.0
4.0
43.0
4.0
4.0
10.0
4.0
4.0
16.0
13.0
4.0
10.0
16.0
4.0
8.0
1.0
10.0
10.0
10.0
10.0
10.0
10.0
1.0
10.0
10.0
10.0
10.0
10.0
10.0
20.0
20.0
20.0
20.0
1.0
20.0
4.0
20.0
20.0
1.0
4.0
4.0
8.0
1.0
43.0
10.0
10.0
10.0
10.0
10.0
10.0
10.0
10.0
10.0
10.0
10.0
10.0
10.0
10.0
10.0
10.0
10.0
10.0
10.0
10.0
10.0
10.0
10.0
10.0
10.0
10.0
10.0
10.0
10.0
10.0
10.0
10.0
10.0
4.0
10.0
10.0
10.0
10.0
10.0
10.0
16.0
10.0
13.0
4.0
4.0
10.0
10.0
4.0
4.0
10.0
10.0
4.0
1.0
4.0
4.0
10.0
4.0
10.0
10.0
8.0
4.0
1.0
8.0
10.0
10.0
4.0
10.0
10.0
10.0
10.0
8.0
8.0
4.0
10.0
4.0
10.0
10.0
4.0
4.0
43.0
1.0
1.0
10.0
10.0
10.0
10.0
10.0
4.0
10.0
10.0
10.0
43.0
10.0
1.0
10.0
20.0
10.0
20.0
