2.0
43.0
1.0
4.0
10.0
20.0
43.0
36.0
37.0
20.0
1.0
2.0
20.0
10.0
2.0
20.0
20.0
2.0
4.0
4.0
20.0
4.0
10.0
10.0
10.0
10.0
10.0
10.0
10.0
10.0
10.0
4.0
2.0
20.0
20.0
20.0
2.0
4.0
20.0
4.0
4.0
20.0
20.0
20.0
20.0
20.0
2.0
4.0
4.0
4.0
4.0
2.0
4.0
4.0
4.0
2.0
2.0
4.0
2.0
20.0
4.0
43.0
4.0
20.0
20.0
20.0
4.0
10.0
4.0
10.0
36.0
1.0
1.0
36.0
20.0
20.0
20.0
8.0
20.0
10.0
20.0
10.0
43.0
20.0
10.0
4.0
10.0
36.0
2.0
10.0
43.0
10.0
10.0
20.0
20.0
10.0
2.0
2.0
20.0
20.0
10.0
2.0
20.0
10.0
20.0
10.0
2.0
10.0
37.0
2.0
4.0
4.0
33.0
2.0
2.0
2.0
2.0
10.0
10.0
8.0
10.0
1.0
10.0
10.0
10.0
10.0
10.0
10.0
10.0
10.0
2.0
10.0
10.0
10.0
10.0
10.0
10.0
10.0
10.0
10.0
10.0
36.0
43.0
43.0
1.0
37.0
36.0
43.0
43.0
10.0
37.0
43.0
4.0
10.0
1.0
4.0
20.0
43.0
4.0
4.0
36.0
4.0
2.0
10.0
2.0
2.0
20.0
37.0
4.0
10.0
20.0
4.0
8.0
1.0
10.0
10.0
10.0
10.0
10.0
10.0
1.0
10.0
10.0
10.0
10.0
10.0
10.0
20.0
20.0
20.0
20.0
1.0
20.0
4.0
20.0
20.0
1.0
2.0
2.0
2.0
36.0
20.0
10.0
10.0
10.0
10.0
10.0
10.0
10.0
10.0
10.0
10.0
10.0
10.0
10.0
10.0
10.0
10.0
10.0
10.0
10.0
10.0
10.0
10.0
10.0
10.0
10.0
10.0
10.0
10.0
10.0
10.0
10.0
10.0
10.0
4.0
10.0
10.0
10.0
10.0
10.0
10.0
4.0
10.0
37.0
4.0
2.0
10.0
10.0
4.0
4.0
10.0
10.0
4.0
23.0
4.0
4.0
10.0
4.0
10.0
10.0
2.0
2.0
1.0
2.0
10.0
10.0
2.0
10.0
10.0
10.0
10.0
8.0
2.0
4.0
10.0
4.0
10.0
10.0
4.0
4.0
43.0
36.0
36.0
10.0
10.0
10.0
10.0
10.0
4.0
10.0
37.0
10.0
43.0
10.0
36.0
10.0
4.0
10.0
4.0
