4.0
43.0
36.0
4.0
38.0
20.0
1.0
36.0
1.0
20.0
36.0
8.0
16.0
26.0
8.0
20.0
20.0
8.0
4.0
4.0
16.0
4.0
8.0
8.0
8.0
38.0
10.0
8.0
38.0
38.0
8.0
16.0
8.0
16.0
16.0
16.0
8.0
4.0
16.0
16.0
4.0
16.0
16.0
16.0
20.0
20.0
4.0
16.0
4.0
4.0
16.0
8.0
26.0
4.0
4.0
8.0
8.0
4.0
8.0
16.0
4.0
43.0
4.0
20.0
20.0
16.0
16.0
38.0
4.0
38.0
36.0
36.0
36.0
36.0
16.0
16.0
20.0
4.0
20.0
38.0
16.0
38.0
36.0
16.0
38.0
4.0
38.0
36.0
8.0
8.0
43.0
38.0
38.0
20.0
16.0
38.0
4.0
8.0
20.0
20.0
39.0
8.0
16.0
38.0
20.0
39.0
4.0
8.0
1.0
8.0
4.0
4.0
4.0
8.0
4.0
8.0
8.0
38.0
10.0
4.0
10.0
1.0
38.0
38.0
38.0
38.0
38.0
38.0
38.0
38.0
8.0
38.0
38.0
38.0
38.0
38.0
38.0
38.0
38.0
38.0
38.0
36.0
43.0
43.0
1.0
1.0
36.0
43.0
43.0
38.0
10.0
43.0
4.0
38.0
1.0
16.0
16.0
43.0
4.0
4.0
36.0
4.0
4.0
38.0
4.0
4.0
16.0
1.0
4.0
10.0
16.0
4.0
8.0
36.0
38.0
10.0
38.0
38.0
38.0
38.0
36.0
38.0
38.0
38.0
38.0
10.0
38.0
16.0
16.0
16.0
16.0
36.0
16.0
4.0
20.0
20.0
36.0
4.0
4.0
8.0
36.0
16.0
38.0
38.0
38.0
38.0
38.0
38.0
38.0
38.0
38.0
38.0
38.0
38.0
38.0
38.0
38.0
38.0
38.0
38.0
38.0
38.0
38.0
38.0
38.0
38.0
38.0
38.0
10.0
38.0
38.0
38.0
38.0
38.0
38.0
4.0
38.0
38.0
38.0
38.0
38.0
38.0
16.0
38.0
1.0
4.0
4.0
10.0
38.0
4.0
4.0
38.0
38.0
4.0
1.0
4.0
4.0
38.0
4.0
38.0
38.0
8.0
4.0
36.0
8.0
38.0
10.0
4.0
10.0
38.0
38.0
10.0
26.0
8.0
4.0
38.0
4.0
38.0
10.0
4.0
4.0
43.0
36.0
36.0
38.0
38.0
38.0
38.0
38.0
4.0
38.0
1.0
38.0
43.0
38.0
36.0
38.0
26.0
10.0
16.0
