4.0
1.0
36.0
4.0
10.0
20.0
1.0
36.0
37.0
1.0
23.0
2.0
20.0
20.0
2.0
20.0
20.0
2.0
4.0
4.0
20.0
4.0
8.0
8.0
8.0
10.0
10.0
8.0
10.0
10.0
8.0
4.0
2.0
20.0
20.0
20.0
2.0
4.0
15.0
4.0
4.0
15.0
15.0
20.0
20.0
20.0
4.0
4.0
4.0
4.0
4.0
2.0
4.0
4.0
4.0
2.0
2.0
4.0
2.0
15.0
4.0
1.0
4.0
20.0
20.0
20.0
4.0
10.0
4.0
10.0
36.0
23.0
36.0
36.0
20.0
20.0
20.0
4.0
20.0
10.0
20.0
10.0
23.0
20.0
10.0
4.0
10.0
36.0
2.0
8.0
20.0
10.0
10.0
20.0
4.0
10.0
4.0
2.0
20.0
20.0
29.0
2.0
20.0
10.0
20.0
29.0
4.0
8.0
37.0
2.0
4.0
4.0
4.0
2.0
4.0
2.0
2.0
10.0
10.0
22.0
10.0
36.0
10.0
10.0
10.0
10.0
10.0
10.0
10.0
10.0
2.0
10.0
10.0
10.0
10.0
10.0
10.0
10.0
10.0
10.0
10.0
36.0
1.0
20.0
36.0
37.0
36.0
1.0
1.0
10.0
10.0
1.0
4.0
10.0
37.0
4.0
15.0
1.0
4.0
4.0
23.0
4.0
4.0
10.0
4.0
4.0
20.0
37.0
2.0
10.0
15.0
4.0
7.0
36.0
10.0
10.0
10.0
10.0
10.0
10.0
36.0
10.0
10.0
10.0
10.0
10.0
10.0
20.0
20.0
20.0
20.0
36.0
20.0
4.0
20.0
20.0
36.0
4.0
4.0
2.0
36.0
15.0
10.0
10.0
10.0
10.0
10.0
10.0
10.0
10.0
10.0
10.0
10.0
10.0
10.0
10.0
10.0
10.0
10.0
10.0
10.0
10.0
10.0
10.0
10.0
10.0
10.0
10.0
10.0
10.0
10.0
10.0
10.0
10.0
10.0
4.0
10.0
10.0
10.0
10.0
10.0
10.0
4.0
10.0
37.0
4.0
4.0
10.0
10.0
4.0
4.0
10.0
10.0
4.0
36.0
4.0
4.0
10.0
4.0
10.0
10.0
2.0
4.0
36.0
2.0
10.0
10.0
2.0
10.0
10.0
10.0
10.0
20.0
2.0
4.0
10.0
4.0
10.0
10.0
4.0
4.0
1.0
23.0
23.0
10.0
10.0
10.0
10.0
10.0
4.0
10.0
37.0
10.0
1.0
10.0
36.0
10.0
20.0
10.0
4.0
