4.0
43.0
1.0
20.0
38.0
43.0
43.0
36.0
37.0
43.0
36.0
22.0
16.0
22.0
29.0
20.0
20.0
29.0
4.0
4.0
16.0
4.0
29.0
29.0
29.0
38.0
38.0
29.0
38.0
38.0
29.0
16.0
29.0
16.0
16.0
16.0
22.0
4.0
16.0
16.0
4.0
16.0
16.0
20.0
20.0
20.0
4.0
16.0
4.0
4.0
4.0
4.0
26.0
4.0
4.0
8.0
3.0
4.0
29.0
16.0
4.0
43.0
4.0
20.0
20.0
20.0
20.0
38.0
4.0
38.0
36.0
1.0
1.0
36.0
20.0
20.0
20.0
4.0
20.0
38.0
43.0
38.0
36.0
20.0
38.0
4.0
38.0
36.0
29.0
29.0
43.0
38.0
38.0
20.0
16.0
38.0
4.0
29.0
20.0
20.0
8.0
29.0
43.0
38.0
20.0
8.0
4.0
29.0
37.0
22.0
4.0
4.0
4.0
29.0
4.0
29.0
29.0
38.0
38.0
43.0
7.0
1.0
38.0
38.0
38.0
38.0
38.0
38.0
38.0
38.0
29.0
38.0
38.0
38.0
38.0
38.0
38.0
38.0
38.0
38.0
38.0
36.0
43.0
43.0
1.0
37.0
36.0
43.0
43.0
38.0
7.0
43.0
4.0
38.0
37.0
16.0
16.0
43.0
4.0
4.0
36.0
4.0
4.0
38.0
4.0
4.0
16.0
37.0
4.0
7.0
16.0
4.0
8.0
1.0
38.0
38.0
38.0
38.0
38.0
38.0
1.0
38.0
38.0
38.0
38.0
7.0
38.0
16.0
16.0
16.0
16.0
1.0
20.0
4.0
20.0
20.0
1.0
4.0
4.0
22.0
36.0
43.0
38.0
38.0
38.0
38.0
38.0
38.0
38.0
38.0
38.0
38.0
38.0
38.0
38.0
38.0
38.0
38.0
38.0
38.0
38.0
38.0
38.0
38.0
38.0
38.0
38.0
38.0
7.0
38.0
38.0
38.0
38.0
38.0
38.0
4.0
38.0
38.0
38.0
38.0
38.0
38.0
16.0
38.0
37.0
4.0
4.0
38.0
38.0
4.0
4.0
38.0
38.0
4.0
37.0
4.0
4.0
38.0
4.0
38.0
38.0
29.0
4.0
36.0
29.0
38.0
38.0
4.0
38.0
38.0
38.0
7.0
20.0
8.0
4.0
38.0
4.0
38.0
7.0
4.0
4.0
43.0
36.0
36.0
38.0
38.0
38.0
38.0
38.0
4.0
38.0
37.0
38.0
43.0
38.0
36.0
38.0
20.0
38.0
16.0
