4.0
43.0
36.0
4.0
37.0
20.0
37.0
36.0
37.0
37.0
20.0
22.0
20.0
22.0
10.0
20.0
20.0
10.0
4.0
4.0
20.0
4.0
10.0
10.0
10.0
37.0
37.0
10.0
10.0
10.0
10.0
4.0
10.0
20.0
20.0
16.0
22.0
4.0
16.0
4.0
4.0
16.0
20.0
20.0
20.0
20.0
4.0
4.0
4.0
4.0
4.0
4.0
4.0
4.0
4.0
10.0
4.0
4.0
10.0
20.0
4.0
43.0
4.0
20.0
20.0
20.0
4.0
10.0
4.0
37.0
36.0
36.0
36.0
36.0
20.0
20.0
20.0
3.0
20.0
10.0
20.0
37.0
36.0
20.0
10.0
4.0
10.0
36.0
10.0
10.0
43.0
10.0
37.0
20.0
4.0
37.0
4.0
10.0
20.0
20.0
10.0
10.0
20.0
10.0
20.0
10.0
4.0
10.0
37.0
10.0
4.0
4.0
4.0
10.0
4.0
10.0
10.0
10.0
37.0
34.0
37.0
37.0
10.0
10.0
10.0
10.0
10.0
10.0
10.0
10.0
10.0
10.0
10.0
10.0
10.0
10.0
10.0
10.0
10.0
10.0
10.0
36.0
43.0
43.0
1.0
37.0
36.0
43.0
43.0
37.0
37.0
43.0
4.0
37.0
37.0
4.0
20.0
43.0
4.0
4.0
36.0
4.0
4.0
10.0
4.0
4.0
20.0
37.0
4.0
37.0
16.0
4.0
26.0
36.0
10.0
37.0
10.0
10.0
10.0
10.0
36.0
10.0
10.0
10.0
37.0
37.0
10.0
20.0
20.0
20.0
20.0
36.0
20.0
4.0
20.0
20.0
1.0
4.0
4.0
22.0
36.0
20.0
10.0
10.0
10.0
10.0
10.0
10.0
10.0
10.0
10.0
10.0
10.0
10.0
10.0
10.0
10.0
10.0
37.0
37.0
10.0
10.0
10.0
10.0
37.0
37.0
37.0
37.0
37.0
10.0
37.0
37.0
10.0
10.0
37.0
4.0
10.0
10.0
10.0
10.0
10.0
10.0
4.0
37.0
37.0
4.0
4.0
37.0
10.0
4.0
4.0
10.0
10.0
4.0
37.0
4.0
4.0
10.0
4.0
37.0
10.0
10.0
4.0
36.0
10.0
37.0
37.0
4.0
37.0
10.0
37.0
37.0
34.0
10.0
4.0
10.0
4.0
10.0
37.0
4.0
4.0
43.0
36.0
36.0
10.0
10.0
10.0
10.0
10.0
4.0
10.0
37.0
10.0
43.0
10.0
36.0
10.0
20.0
37.0
4.0
