2.0
36.0
36.0
20.0
45.0
20.0
37.0
36.0
37.0
37.0
36.0
2.0
20.0
26.0
10.0
20.0
20.0
10.0
4.0
4.0
20.0
4.0
10.0
10.0
10.0
37.0
37.0
10.0
45.0
45.0
10.0
16.0
10.0
20.0
16.0
16.0
2.0
4.0
16.0
4.0
4.0
16.0
16.0
20.0
20.0
20.0
4.0
16.0
4.0
4.0
16.0
2.0
26.0
4.0
4.0
10.0
2.0
4.0
10.0
16.0
4.0
36.0
4.0
20.0
20.0
20.0
20.0
45.0
4.0
37.0
36.0
36.0
36.0
36.0
20.0
20.0
20.0
4.0
20.0
45.0
20.0
37.0
36.0
20.0
45.0
4.0
45.0
36.0
10.0
10.0
20.0
45.0
37.0
20.0
16.0
37.0
2.0
10.0
20.0
20.0
10.0
10.0
20.0
45.0
20.0
10.0
2.0
10.0
37.0
10.0
4.0
4.0
2.0
10.0
2.0
10.0
10.0
45.0
37.0
43.0
37.0
1.0
45.0
45.0
45.0
45.0
45.0
45.0
45.0
45.0
10.0
45.0
45.0
45.0
45.0
45.0
45.0
45.0
45.0
45.0
45.0
36.0
36.0
20.0
36.0
37.0
36.0
36.0
36.0
37.0
37.0
36.0
4.0
37.0
37.0
4.0
16.0
36.0
4.0
4.0
36.0
4.0
2.0
45.0
2.0
2.0
20.0
37.0
2.0
37.0
16.0
4.0
26.0
36.0
45.0
37.0
45.0
45.0
45.0
45.0
36.0
45.0
45.0
45.0
37.0
37.0
45.0
20.0
20.0
20.0
20.0
36.0
20.0
4.0
20.0
20.0
36.0
2.0
4.0
2.0
36.0
20.0
45.0
45.0
45.0
45.0
45.0
45.0
45.0
45.0
45.0
45.0
45.0
45.0
45.0
45.0
45.0
45.0
37.0
45.0
45.0
45.0
45.0
45.0
37.0
37.0
45.0
37.0
37.0
45.0
37.0
45.0
45.0
45.0
37.0
4.0
45.0
45.0
45.0
45.0
45.0
45.0
4.0
37.0
37.0
4.0
2.0
37.0
45.0
4.0
4.0
45.0
45.0
4.0
1.0
4.0
4.0
45.0
4.0
37.0
45.0
10.0
2.0
36.0
10.0
37.0
37.0
2.0
37.0
45.0
37.0
37.0
26.0
10.0
4.0
45.0
4.0
45.0
37.0
4.0
4.0
36.0
36.0
36.0
45.0
45.0
45.0
45.0
45.0
4.0
45.0
37.0
45.0
36.0
45.0
36.0
45.0
20.0
37.0
4.0
