4.0
20.0
1.0
20.0
10.0
20.0
1.0
1.0
1.0
20.0
1.0
2.0
16.0
2.0
2.0
20.0
20.0
2.0
4.0
4.0
16.0
4.0
8.0
8.0
8.0
10.0
10.0
8.0
10.0
10.0
8.0
16.0
2.0
20.0
20.0
20.0
2.0
4.0
16.0
15.0
4.0
16.0
16.0
20.0
20.0
20.0
4.0
16.0
4.0
4.0
20.0
2.0
2.0
4.0
4.0
2.0
2.0
4.0
2.0
16.0
4.0
20.0
4.0
20.0
20.0
20.0
20.0
10.0
4.0
10.0
1.0
1.0
1.0
1.0
20.0
20.0
20.0
8.0
20.0
10.0
20.0
10.0
1.0
20.0
10.0
4.0
10.0
1.0
2.0
8.0
20.0
10.0
10.0
20.0
20.0
10.0
4.0
2.0
20.0
20.0
8.0
2.0
20.0
10.0
20.0
8.0
4.0
8.0
1.0
2.0
4.0
4.0
4.0
2.0
4.0
2.0
2.0
10.0
10.0
8.0
10.0
1.0
10.0
10.0
10.0
10.0
10.0
10.0
10.0
10.0
2.0
10.0
10.0
10.0
10.0
10.0
10.0
10.0
10.0
10.0
10.0
1.0
20.0
20.0
1.0
1.0
1.0
20.0
20.0
10.0
10.0
20.0
4.0
10.0
1.0
15.0
20.0
20.0
4.0
4.0
1.0
4.0
4.0
10.0
4.0
4.0
20.0
1.0
2.0
10.0
16.0
4.0
8.0
1.0
10.0
10.0
10.0
10.0
10.0
10.0
1.0
10.0
10.0
10.0
10.0
10.0
10.0
20.0
20.0
20.0
20.0
1.0
20.0
4.0
20.0
20.0
1.0
2.0
4.0
2.0
1.0
20.0
10.0
10.0
10.0
10.0
10.0
10.0
10.0
10.0
10.0
10.0
10.0
10.0
10.0
10.0
10.0
10.0
10.0
10.0
10.0
10.0
10.0
10.0
10.0
10.0
10.0
10.0
10.0
10.0
10.0
10.0
10.0
10.0
10.0
4.0
10.0
10.0
10.0
10.0
10.0
10.0
4.0
10.0
1.0
4.0
4.0
10.0
10.0
4.0
4.0
10.0
10.0
4.0
1.0
4.0
4.0
10.0
4.0
10.0
10.0
2.0
4.0
1.0
2.0
10.0
10.0
2.0
10.0
10.0
10.0
10.0
8.0
2.0
4.0
10.0
4.0
10.0
10.0
4.0
4.0
20.0
1.0
1.0
10.0
10.0
10.0
10.0
10.0
4.0
10.0
10.0
10.0
6.0
10.0
1.0
10.0
20.0
10.0
15.0
