4.0
43.0
36.0
20.0
10.0
20.0
43.0
36.0
37.0
43.0
43.0
22.0
20.0
22.0
10.0
20.0
20.0
10.0
4.0
4.0
20.0
4.0
10.0
10.0
10.0
10.0
10.0
10.0
10.0
10.0
10.0
4.0
10.0
20.0
20.0
20.0
22.0
4.0
20.0
4.0
4.0
20.0
20.0
20.0
20.0
20.0
4.0
4.0
4.0
4.0
4.0
4.0
20.0
4.0
4.0
10.0
2.0
4.0
10.0
20.0
4.0
43.0
4.0
20.0
20.0
20.0
20.0
10.0
4.0
10.0
36.0
36.0
36.0
36.0
20.0
20.0
20.0
34.0
20.0
10.0
20.0
10.0
36.0
20.0
10.0
4.0
10.0
36.0
10.0
10.0
43.0
10.0
10.0
20.0
4.0
10.0
4.0
10.0
20.0
20.0
10.0
10.0
43.0
10.0
20.0
10.0
4.0
10.0
10.0
22.0
4.0
4.0
4.0
10.0
4.0
10.0
10.0
10.0
10.0
43.0
10.0
1.0
10.0
10.0
10.0
10.0
10.0
10.0
10.0
10.0
10.0
10.0
10.0
10.0
10.0
10.0
10.0
10.0
10.0
10.0
10.0
36.0
43.0
43.0
1.0
37.0
36.0
43.0
43.0
10.0
10.0
43.0
4.0
10.0
10.0
4.0
20.0
43.0
4.0
4.0
36.0
4.0
4.0
10.0
4.0
4.0
20.0
37.0
4.0
10.0
20.0
4.0
10.0
36.0
10.0
10.0
10.0
10.0
10.0
10.0
36.0
10.0
10.0
10.0
10.0
10.0
10.0
20.0
20.0
20.0
20.0
36.0
20.0
4.0
20.0
20.0
36.0
4.0
4.0
22.0
36.0
43.0
10.0
10.0
10.0
10.0
10.0
10.0
10.0
10.0
10.0
10.0
10.0
10.0
10.0
10.0
10.0
10.0
10.0
10.0
10.0
10.0
10.0
10.0
10.0
10.0
10.0
10.0
10.0
10.0
10.0
10.0
10.0
10.0
10.0
4.0
10.0
10.0
10.0
10.0
10.0
10.0
4.0
10.0
37.0
4.0
4.0
10.0
10.0
4.0
4.0
10.0
10.0
4.0
37.0
4.0
4.0
10.0
4.0
10.0
10.0
10.0
4.0
36.0
22.0
10.0
10.0
4.0
10.0
10.0
10.0
10.0
20.0
10.0
4.0
10.0
4.0
10.0
10.0
4.0
4.0
43.0
36.0
36.0
10.0
10.0
10.0
10.0
10.0
4.0
10.0
10.0
10.0
43.0
10.0
36.0
10.0
20.0
10.0
4.0
