2.0
43.0
36.0
20.0
10.0
43.0
43.0
36.0
43.0
43.0
36.0
10.0
20.0
20.0
10.0
20.0
20.0
10.0
20.0
20.0
20.0
20.0
29.0
10.0
29.0
10.0
10.0
29.0
10.0
10.0
29.0
20.0
10.0
20.0
20.0
20.0
22.0
4.0
20.0
20.0
20.0
20.0
20.0
20.0
20.0
20.0
2.0
20.0
4.0
2.0
20.0
2.0
20.0
2.0
2.0
10.0
2.0
4.0
10.0
20.0
2.0
43.0
4.0
20.0
20.0
20.0
20.0
10.0
4.0
10.0
36.0
36.0
36.0
36.0
20.0
20.0
20.0
20.0
20.0
10.0
43.0
10.0
36.0
20.0
10.0
20.0
10.0
36.0
10.0
29.0
43.0
10.0
10.0
20.0
20.0
10.0
2.0
10.0
20.0
20.0
10.0
10.0
43.0
10.0
20.0
10.0
2.0
10.0
1.0
10.0
2.0
2.0
2.0
10.0
2.0
10.0
10.0
10.0
10.0
43.0
10.0
1.0
10.0
10.0
10.0
10.0
10.0
10.0
10.0
10.0
10.0
10.0
10.0
10.0
10.0
10.0
10.0
10.0
10.0
10.0
10.0
36.0
43.0
43.0
1.0
1.0
36.0
43.0
43.0
10.0
10.0
43.0
20.0
10.0
1.0
20.0
20.0
43.0
4.0
2.0
36.0
2.0
2.0
10.0
2.0
2.0
43.0
1.0
2.0
10.0
20.0
4.0
10.0
1.0
10.0
10.0
10.0
10.0
10.0
10.0
36.0
10.0
10.0
10.0
10.0
10.0
10.0
20.0
20.0
20.0
20.0
36.0
20.0
4.0
20.0
20.0
1.0
2.0
2.0
22.0
36.0
43.0
10.0
10.0
10.0
10.0
10.0
10.0
10.0
10.0
10.0
10.0
10.0
10.0
10.0
10.0
10.0
10.0
10.0
10.0
10.0
10.0
10.0
10.0
10.0
10.0
10.0
10.0
10.0
10.0
10.0
10.0
10.0
10.0
10.0
4.0
10.0
10.0
10.0
10.0
10.0
10.0
20.0
10.0
1.0
20.0
2.0
10.0
10.0
4.0
4.0
10.0
10.0
4.0
1.0
4.0
4.0
10.0
4.0
10.0
10.0
10.0
2.0
36.0
10.0
10.0
10.0
2.0
10.0
10.0
10.0
10.0
20.0
10.0
4.0
10.0
20.0
10.0
10.0
20.0
20.0
43.0
36.0
36.0
10.0
10.0
10.0
10.0
10.0
2.0
10.0
1.0
10.0
43.0
10.0
36.0
10.0
20.0
10.0
20.0
