4.0
16.0
1.0
20.0
10.0
34.0
37.0
1.0
37.0
37.0
1.0
22.0
16.0
20.0
10.0
20.0
20.0
10.0
4.0
4.0
16.0
4.0
10.0
10.0
10.0
10.0
10.0
10.0
10.0
10.0
10.0
16.0
10.0
16.0
16.0
16.0
15.0
4.0
16.0
16.0
4.0
16.0
16.0
20.0
20.0
20.0
4.0
16.0
4.0
4.0
4.0
15.0
15.0
4.0
4.0
10.0
15.0
4.0
10.0
16.0
4.0
16.0
4.0
20.0
20.0
20.0
20.0
10.0
4.0
10.0
1.0
1.0
1.0
1.0
16.0
20.0
20.0
3.0
20.0
10.0
16.0
10.0
1.0
20.0
10.0
4.0
10.0
1.0
10.0
10.0
16.0
10.0
10.0
20.0
16.0
10.0
4.0
10.0
20.0
20.0
10.0
10.0
16.0
10.0
20.0
10.0
4.0
10.0
37.0
10.0
4.0
4.0
4.0
10.0
4.0
10.0
10.0
10.0
10.0
3.0
10.0
1.0
10.0
10.0
10.0
10.0
10.0
10.0
10.0
10.0
10.0
10.0
10.0
10.0
10.0
10.0
10.0
10.0
10.0
10.0
10.0
1.0
16.0
16.0
1.0
37.0
1.0
16.0
16.0
10.0
10.0
16.0
4.0
10.0
37.0
16.0
16.0
16.0
4.0
4.0
1.0
4.0
4.0
10.0
4.0
4.0
16.0
37.0
15.0
10.0
16.0
4.0
10.0
1.0
10.0
10.0
10.0
10.0
10.0
10.0
1.0
10.0
10.0
10.0
10.0
10.0
10.0
16.0
16.0
16.0
16.0
1.0
16.0
4.0
20.0
20.0
1.0
4.0
4.0
22.0
1.0
16.0
10.0
10.0
10.0
10.0
10.0
10.0
10.0
10.0
10.0
10.0
10.0
10.0
10.0
10.0
10.0
10.0
10.0
10.0
10.0
10.0
10.0
10.0
10.0
10.0
10.0
10.0
10.0
10.0
10.0
10.0
10.0
10.0
10.0
4.0
10.0
10.0
10.0
10.0
10.0
10.0
4.0
10.0
37.0
4.0
4.0
10.0
10.0
4.0
4.0
10.0
10.0
4.0
37.0
4.0
4.0
10.0
4.0
10.0
10.0
10.0
4.0
1.0
10.0
10.0
10.0
15.0
10.0
10.0
10.0
10.0
20.0
10.0
4.0
10.0
4.0
10.0
10.0
4.0
4.0
16.0
1.0
1.0
10.0
10.0
10.0
10.0
10.0
15.0
10.0
10.0
10.0
16.0
10.0
1.0
10.0
20.0
10.0
4.0
