4.0
43.0
36.0
4.0
10.0
20.0
43.0
36.0
1.0
43.0
36.0
22.0
20.0
22.0
22.0
20.0
20.0
29.0
4.0
4.0
20.0
4.0
29.0
29.0
29.0
10.0
10.0
29.0
10.0
10.0
29.0
4.0
22.0
20.0
20.0
20.0
22.0
4.0
20.0
4.0
4.0
20.0
20.0
20.0
20.0
20.0
4.0
4.0
4.0
4.0
4.0
15.0
15.0
4.0
4.0
22.0
15.0
4.0
29.0
20.0
4.0
43.0
4.0
20.0
20.0
20.0
4.0
10.0
4.0
10.0
36.0
1.0
36.0
36.0
20.0
20.0
20.0
3.0
20.0
10.0
20.0
10.0
36.0
20.0
10.0
4.0
10.0
36.0
29.0
29.0
43.0
10.0
10.0
20.0
4.0
10.0
4.0
22.0
20.0
20.0
29.0
22.0
43.0
10.0
20.0
29.0
4.0
29.0
1.0
22.0
4.0
4.0
4.0
29.0
4.0
29.0
22.0
10.0
10.0
3.0
10.0
1.0
10.0
10.0
10.0
10.0
10.0
10.0
10.0
10.0
22.0
10.0
10.0
10.0
10.0
10.0
10.0
10.0
10.0
10.0
10.0
36.0
43.0
43.0
1.0
1.0
36.0
43.0
43.0
10.0
10.0
43.0
4.0
10.0
1.0
4.0
20.0
43.0
4.0
4.0
36.0
4.0
4.0
10.0
4.0
4.0
20.0
1.0
15.0
10.0
20.0
4.0
8.0
36.0
10.0
10.0
10.0
10.0
10.0
10.0
36.0
10.0
10.0
10.0
10.0
10.0
10.0
20.0
20.0
20.0
20.0
36.0
20.0
4.0
20.0
20.0
1.0
4.0
4.0
22.0
36.0
43.0
10.0
10.0
10.0
10.0
10.0
10.0
10.0
10.0
10.0
10.0
10.0
10.0
10.0
10.0
10.0
10.0
10.0
10.0
10.0
10.0
10.0
10.0
10.0
10.0
10.0
10.0
10.0
10.0
10.0
10.0
10.0
10.0
10.0
4.0
10.0
10.0
10.0
10.0
10.0
10.0
4.0
10.0
1.0
4.0
4.0
10.0
10.0
4.0
4.0
10.0
10.0
4.0
1.0
4.0
4.0
10.0
4.0
10.0
10.0
22.0
4.0
36.0
22.0
10.0
10.0
15.0
10.0
10.0
10.0
10.0
8.0
22.0
4.0
10.0
4.0
10.0
10.0
4.0
4.0
43.0
36.0
36.0
10.0
10.0
10.0
10.0
10.0
4.0
10.0
1.0
10.0
43.0
10.0
36.0
10.0
15.0
10.0
4.0
