4.0
43.0
36.0
20.0
38.0
43.0
43.0
36.0
43.0
43.0
36.0
22.0
16.0
22.0
22.0
20.0
20.0
29.0
4.0
4.0
16.0
4.0
29.0
29.0
29.0
38.0
45.0
29.0
38.0
11.0
29.0
16.0
22.0
16.0
16.0
16.0
22.0
4.0
16.0
4.0
4.0
16.0
16.0
20.0
20.0
20.0
4.0
16.0
4.0
4.0
4.0
4.0
22.0
4.0
4.0
22.0
4.0
4.0
29.0
16.0
4.0
43.0
4.0
20.0
20.0
20.0
16.0
38.0
4.0
38.0
36.0
36.0
36.0
36.0
16.0
20.0
20.0
3.0
20.0
38.0
43.0
38.0
36.0
20.0
11.0
4.0
38.0
36.0
29.0
29.0
43.0
38.0
38.0
20.0
16.0
11.0
4.0
22.0
20.0
20.0
29.0
22.0
43.0
11.0
20.0
29.0
4.0
29.0
37.0
22.0
4.0
4.0
4.0
29.0
4.0
29.0
22.0
38.0
45.0
3.0
37.0
36.0
11.0
11.0
11.0
38.0
11.0
38.0
38.0
11.0
22.0
38.0
11.0
11.0
11.0
11.0
11.0
38.0
38.0
38.0
38.0
36.0
43.0
43.0
36.0
37.0
36.0
43.0
43.0
38.0
37.0
43.0
4.0
38.0
37.0
16.0
16.0
43.0
4.0
4.0
36.0
4.0
4.0
38.0
4.0
4.0
16.0
37.0
4.0
37.0
16.0
4.0
10.0
36.0
38.0
37.0
38.0
11.0
38.0
38.0
36.0
38.0
38.0
38.0
38.0
37.0
38.0
16.0
16.0
16.0
16.0
36.0
20.0
4.0
20.0
20.0
36.0
4.0
4.0
22.0
36.0
43.0
38.0
38.0
38.0
38.0
38.0
38.0
38.0
38.0
38.0
38.0
38.0
38.0
38.0
38.0
38.0
38.0
38.0
38.0
38.0
38.0
38.0
38.0
37.0
38.0
38.0
38.0
37.0
38.0
38.0
38.0
38.0
38.0
38.0
4.0
38.0
38.0
11.0
38.0
38.0
38.0
4.0
38.0
37.0
4.0
4.0
45.0
38.0
4.0
4.0
38.0
38.0
4.0
1.0
4.0
4.0
11.0
4.0
38.0
38.0
22.0
4.0
36.0
22.0
11.0
45.0
4.0
45.0
38.0
38.0
37.0
20.0
22.0
4.0
11.0
4.0
38.0
37.0
4.0
4.0
43.0
36.0
36.0
11.0
38.0
11.0
38.0
11.0
4.0
38.0
37.0
11.0
43.0
11.0
36.0
11.0
20.0
45.0
4.0
