33.0
36.0
1.0
4.0
10.0
16.0
37.0
1.0
37.0
37.0
1.0
22.0
16.0
20.0
2.0
16.0
16.0
2.0
4.0
4.0
16.0
4.0
29.0
29.0
29.0
10.0
10.0
29.0
10.0
10.0
29.0
16.0
2.0
16.0
16.0
16.0
22.0
4.0
16.0
16.0
4.0
16.0
16.0
16.0
16.0
16.0
33.0
16.0
33.0
33.0
4.0
4.0
4.0
33.0
33.0
2.0
4.0
33.0
2.0
16.0
33.0
16.0
33.0
16.0
16.0
16.0
16.0
10.0
33.0
10.0
1.0
1.0
1.0
1.0
16.0
16.0
20.0
8.0
16.0
10.0
16.0
10.0
1.0
20.0
10.0
4.0
10.0
1.0
2.0
29.0
16.0
10.0
10.0
16.0
16.0
10.0
33.0
2.0
20.0
20.0
29.0
2.0
16.0
10.0
20.0
29.0
33.0
29.0
37.0
22.0
33.0
33.0
33.0
2.0
33.0
2.0
2.0
10.0
10.0
34.0
10.0
1.0
10.0
10.0
10.0
10.0
10.0
10.0
10.0
10.0
2.0
10.0
10.0
10.0
10.0
10.0
10.0
10.0
10.0
10.0
10.0
1.0
36.0
16.0
1.0
37.0
36.0
36.0
16.0
10.0
37.0
36.0
4.0
10.0
37.0
16.0
16.0
36.0
33.0
4.0
36.0
33.0
33.0
10.0
33.0
33.0
16.0
37.0
4.0
10.0
16.0
33.0
8.0
1.0
10.0
10.0
10.0
10.0
10.0
10.0
1.0
10.0
10.0
10.0
10.0
10.0
10.0
16.0
16.0
16.0
16.0
1.0
16.0
33.0
16.0
16.0
1.0
33.0
33.0
22.0
1.0
16.0
10.0
10.0
10.0
10.0
10.0
10.0
10.0
10.0
10.0
10.0
10.0
10.0
10.0
10.0
10.0
10.0
10.0
10.0
10.0
10.0
10.0
10.0
10.0
10.0
10.0
10.0
10.0
10.0
10.0
10.0
10.0
10.0
10.0
33.0
10.0
10.0
10.0
10.0
10.0
10.0
16.0
10.0
37.0
4.0
33.0
10.0
10.0
33.0
33.0
10.0
10.0
33.0
37.0
4.0
4.0
10.0
33.0
10.0
10.0
2.0
33.0
1.0
22.0
10.0
10.0
33.0
10.0
10.0
10.0
10.0
8.0
2.0
33.0
10.0
4.0
10.0
10.0
4.0
4.0
16.0
1.0
1.0
10.0
10.0
10.0
10.0
10.0
4.0
10.0
37.0
10.0
36.0
10.0
1.0
10.0
4.0
10.0
16.0
