33.0
1.0
1.0
20.0
10.0
1.0
1.0
1.0
37.0
37.0
1.0
22.0
20.0
20.0
2.0
20.0
20.0
2.0
33.0
33.0
20.0
33.0
10.0
10.0
10.0
10.0
10.0
10.0
10.0
10.0
10.0
20.0
2.0
20.0
20.0
20.0
2.0
33.0
20.0
33.0
33.0
20.0
20.0
20.0
20.0
20.0
33.0
20.0
33.0
33.0
20.0
2.0
2.0
33.0
33.0
2.0
2.0
33.0
2.0
20.0
33.0
6.0
33.0
20.0
20.0
20.0
20.0
10.0
33.0
10.0
1.0
1.0
1.0
1.0
20.0
20.0
20.0
8.0
20.0
10.0
20.0
10.0
1.0
20.0
10.0
33.0
10.0
1.0
2.0
10.0
6.0
10.0
10.0
20.0
20.0
10.0
33.0
2.0
20.0
20.0
10.0
2.0
6.0
10.0
20.0
10.0
33.0
2.0
37.0
2.0
33.0
33.0
33.0
2.0
33.0
2.0
2.0
10.0
10.0
8.0
10.0
1.0
10.0
10.0
10.0
10.0
10.0
10.0
10.0
10.0
2.0
10.0
10.0
10.0
10.0
10.0
10.0
10.0
10.0
10.0
10.0
1.0
6.0
6.0
1.0
37.0
1.0
6.0
6.0
10.0
1.0
6.0
33.0
10.0
37.0
33.0
20.0
6.0
33.0
33.0
1.0
33.0
33.0
10.0
33.0
33.0
20.0
37.0
8.0
10.0
20.0
33.0
8.0
1.0
10.0
10.0
10.0
10.0
10.0
10.0
1.0
10.0
10.0
10.0
10.0
10.0
10.0
20.0
20.0
20.0
20.0
1.0
20.0
33.0
20.0
20.0
1.0
33.0
33.0
2.0
1.0
20.0
10.0
10.0
10.0
10.0
10.0
10.0
10.0
10.0
10.0
10.0
10.0
10.0
10.0
10.0
10.0
10.0
10.0
10.0
10.0
10.0
10.0
10.0
10.0
10.0
10.0
10.0
10.0
10.0
10.0
10.0
10.0
10.0
10.0
33.0
10.0
10.0
10.0
10.0
10.0
10.0
33.0
10.0
37.0
33.0
33.0
10.0
10.0
33.0
33.0
10.0
10.0
33.0
37.0
33.0
33.0
10.0
33.0
10.0
10.0
2.0
33.0
1.0
2.0
10.0
10.0
33.0
10.0
10.0
10.0
10.0
8.0
2.0
33.0
10.0
33.0
10.0
10.0
33.0
33.0
6.0
1.0
1.0
10.0
10.0
10.0
10.0
10.0
8.0
10.0
1.0
10.0
1.0
10.0
1.0
10.0
20.0
10.0
20.0
