33.0
43.0
23.0
20.0
45.0
36.0
43.0
23.0
23.0
43.0
23.0
8.0
16.0
20.0
8.0
20.0
20.0
8.0
20.0
20.0
16.0
20.0
10.0
10.0
10.0
45.0
45.0
10.0
38.0
38.0
10.0
16.0
8.0
16.0
16.0
16.0
8.0
4.0
16.0
16.0
4.0
16.0
16.0
20.0
20.0
20.0
33.0
16.0
33.0
33.0
20.0
8.0
8.0
33.0
33.0
8.0
8.0
33.0
8.0
16.0
33.0
43.0
33.0
20.0
20.0
20.0
20.0
45.0
33.0
45.0
23.0
23.0
23.0
23.0
20.0
20.0
20.0
3.0
20.0
45.0
43.0
45.0
23.0
20.0
38.0
33.0
45.0
23.0
8.0
10.0
43.0
45.0
45.0
20.0
20.0
45.0
33.0
8.0
20.0
20.0
8.0
8.0
43.0
38.0
20.0
8.0
33.0
8.0
23.0
8.0
33.0
33.0
33.0
8.0
33.0
8.0
8.0
45.0
45.0
3.0
45.0
23.0
38.0
38.0
38.0
38.0
38.0
45.0
38.0
38.0
8.0
38.0
38.0
38.0
38.0
38.0
38.0
45.0
38.0
38.0
38.0
23.0
43.0
43.0
23.0
23.0
36.0
43.0
43.0
45.0
23.0
43.0
33.0
45.0
23.0
16.0
16.0
43.0
33.0
33.0
36.0
33.0
33.0
45.0
33.0
33.0
16.0
23.0
8.0
45.0
16.0
33.0
26.0
23.0
45.0
45.0
45.0
38.0
45.0
38.0
23.0
38.0
38.0
45.0
45.0
45.0
38.0
16.0
16.0
16.0
16.0
23.0
20.0
4.0
20.0
20.0
23.0
8.0
33.0
8.0
23.0
16.0
45.0
38.0
45.0
38.0
45.0
45.0
45.0
45.0
38.0
45.0
45.0
45.0
45.0
45.0
38.0
38.0
45.0
45.0
38.0
38.0
38.0
38.0
45.0
45.0
45.0
45.0
45.0
45.0
45.0
45.0
45.0
45.0
45.0
33.0
45.0
45.0
38.0
45.0
45.0
38.0
16.0
45.0
23.0
20.0
33.0
45.0
45.0
33.0
33.0
45.0
45.0
33.0
23.0
33.0
4.0
45.0
33.0
45.0
45.0
8.0
33.0
23.0
8.0
45.0
45.0
8.0
45.0
38.0
45.0
45.0
20.0
8.0
33.0
38.0
20.0
38.0
45.0
20.0
33.0
43.0
23.0
23.0
38.0
45.0
38.0
45.0
38.0
8.0
45.0
23.0
38.0
43.0
38.0
36.0
38.0
20.0
45.0
20.0
