2.0
43.0
1.0
20.0
10.0
43.0
1.0
1.0
37.0
43.0
1.0
2.0
16.0
20.0
2.0
20.0
16.0
2.0
16.0
16.0
16.0
16.0
8.0
8.0
8.0
10.0
10.0
8.0
10.0
10.0
8.0
16.0
2.0
16.0
16.0
16.0
2.0
16.0
16.0
16.0
16.0
16.0
16.0
16.0
16.0
16.0
2.0
16.0
2.0
2.0
16.0
2.0
2.0
2.0
2.0
2.0
2.0
3.0
2.0
16.0
2.0
43.0
2.0
16.0
16.0
16.0
16.0
10.0
2.0
10.0
1.0
1.0
1.0
1.0
16.0
16.0
20.0
3.0
16.0
10.0
16.0
10.0
43.0
16.0
10.0
16.0
10.0
1.0
2.0
8.0
43.0
10.0
10.0
16.0
16.0
10.0
2.0
2.0
20.0
20.0
8.0
2.0
16.0
10.0
20.0
10.0
2.0
8.0
1.0
2.0
2.0
2.0
2.0
2.0
2.0
2.0
2.0
10.0
10.0
3.0
10.0
1.0
10.0
10.0
10.0
10.0
10.0
10.0
10.0
10.0
2.0
10.0
10.0
10.0
10.0
10.0
10.0
10.0
10.0
10.0
10.0
1.0
43.0
16.0
1.0
1.0
43.0
43.0
43.0
10.0
10.0
43.0
16.0
10.0
1.0
16.0
16.0
43.0
2.0
2.0
43.0
2.0
2.0
10.0
2.0
2.0
16.0
1.0
2.0
10.0
16.0
2.0
26.0
1.0
10.0
10.0
10.0
10.0
10.0
10.0
1.0
10.0
10.0
10.0
10.0
10.0
10.0
16.0
16.0
16.0
16.0
1.0
16.0
16.0
16.0
16.0
1.0
2.0
2.0
2.0
1.0
16.0
10.0
10.0
10.0
10.0
10.0
10.0
10.0
10.0
10.0
10.0
10.0
10.0
10.0
10.0
10.0
10.0
10.0
10.0
10.0
10.0
10.0
10.0
10.0
10.0
10.0
10.0
10.0
10.0
10.0
10.0
10.0
10.0
10.0
2.0
10.0
10.0
10.0
10.0
10.0
10.0
16.0
10.0
1.0
16.0
2.0
10.0
10.0
2.0
2.0
10.0
10.0
2.0
1.0
2.0
3.0
10.0
2.0
10.0
10.0
2.0
2.0
1.0
2.0
10.0
10.0
2.0
10.0
10.0
10.0
10.0
20.0
2.0
2.0
10.0
16.0
10.0
10.0
16.0
2.0
43.0
1.0
1.0
10.0
10.0
10.0
10.0
10.0
2.0
10.0
1.0
10.0
43.0
10.0
1.0
10.0
20.0
10.0
16.0
