2.0
20.0
23.0
20.0
10.0
20.0
1.0
23.0
1.0
20.0
20.0
22.0
20.0
20.0
10.0
20.0
20.0
10.0
4.0
4.0
20.0
4.0
10.0
10.0
10.0
10.0
10.0
10.0
10.0
10.0
10.0
20.0
10.0
20.0
20.0
20.0
22.0
4.0
20.0
4.0
4.0
20.0
20.0
20.0
20.0
20.0
2.0
20.0
4.0
2.0
20.0
2.0
20.0
2.0
2.0
10.0
2.0
4.0
10.0
20.0
2.0
20.0
4.0
20.0
20.0
20.0
20.0
10.0
4.0
10.0
23.0
23.0
1.0
1.0
20.0
20.0
20.0
4.0
20.0
10.0
20.0
10.0
23.0
20.0
10.0
4.0
10.0
23.0
10.0
10.0
20.0
10.0
10.0
20.0
20.0
10.0
2.0
10.0
20.0
20.0
10.0
10.0
20.0
10.0
20.0
10.0
2.0
10.0
1.0
22.0
4.0
2.0
2.0
10.0
2.0
10.0
10.0
10.0
10.0
43.0
10.0
1.0
10.0
10.0
10.0
10.0
10.0
10.0
10.0
10.0
10.0
10.0
10.0
10.0
10.0
10.0
10.0
10.0
10.0
10.0
10.0
23.0
20.0
20.0
1.0
1.0
23.0
20.0
20.0
10.0
10.0
20.0
4.0
10.0
1.0
4.0
20.0
20.0
4.0
2.0
23.0
2.0
2.0
10.0
2.0
2.0
20.0
1.0
2.0
10.0
20.0
4.0
8.0
1.0
10.0
10.0
10.0
10.0
10.0
10.0
1.0
10.0
10.0
10.0
10.0
10.0
10.0
20.0
20.0
20.0
20.0
23.0
20.0
4.0
20.0
20.0
1.0
2.0
2.0
22.0
23.0
20.0
10.0
10.0
10.0
10.0
10.0
10.0
10.0
10.0
10.0
10.0
10.0
10.0
10.0
10.0
10.0
10.0
10.0
10.0
10.0
10.0
10.0
10.0
10.0
10.0
10.0
10.0
10.0
10.0
10.0
10.0
10.0
10.0
10.0
4.0
10.0
10.0
10.0
10.0
10.0
10.0
20.0
10.0
1.0
4.0
2.0
10.0
10.0
4.0
4.0
10.0
10.0
4.0
1.0
4.0
4.0
10.0
4.0
10.0
10.0
10.0
2.0
1.0
10.0
10.0
10.0
2.0
10.0
10.0
10.0
10.0
20.0
10.0
4.0
10.0
4.0
10.0
10.0
4.0
4.0
20.0
23.0
23.0
10.0
10.0
10.0
10.0
10.0
4.0
10.0
1.0
10.0
1.0
10.0
23.0
10.0
20.0
10.0
20.0
