33.0
36.0
1.0
4.0
37.0
20.0
37.0
1.0
37.0
37.0
1.0
22.0
16.0
26.0
22.0
20.0
20.0
22.0
33.0
33.0
16.0
33.0
8.0
8.0
8.0
37.0
37.0
8.0
10.0
37.0
8.0
16.0
22.0
16.0
16.0
16.0
22.0
33.0
16.0
16.0
33.0
16.0
16.0
16.0
20.0
20.0
33.0
16.0
33.0
33.0
16.0
8.0
26.0
33.0
33.0
22.0
22.0
33.0
22.0
16.0
33.0
36.0
33.0
16.0
20.0
16.0
16.0
37.0
33.0
37.0
1.0
1.0
1.0
1.0
16.0
16.0
20.0
8.0
16.0
37.0
16.0
37.0
36.0
16.0
45.0
33.0
37.0
1.0
22.0
10.0
36.0
37.0
37.0
20.0
16.0
37.0
33.0
22.0
16.0
20.0
10.0
22.0
16.0
37.0
20.0
10.0
33.0
10.0
37.0
22.0
33.0
33.0
33.0
22.0
33.0
22.0
22.0
37.0
37.0
8.0
37.0
37.0
10.0
10.0
10.0
10.0
10.0
37.0
10.0
10.0
22.0
10.0
10.0
10.0
10.0
10.0
10.0
37.0
45.0
10.0
45.0
1.0
36.0
16.0
1.0
37.0
36.0
36.0
36.0
37.0
37.0
36.0
33.0
37.0
37.0
16.0
16.0
36.0
33.0
33.0
36.0
33.0
33.0
37.0
33.0
33.0
16.0
37.0
8.0
37.0
16.0
33.0
8.0
1.0
37.0
37.0
37.0
10.0
37.0
10.0
1.0
10.0
10.0
45.0
37.0
37.0
10.0
16.0
16.0
16.0
16.0
1.0
16.0
33.0
20.0
20.0
37.0
33.0
33.0
22.0
1.0
16.0
37.0
10.0
45.0
10.0
37.0
37.0
37.0
37.0
10.0
45.0
37.0
37.0
37.0
37.0
10.0
10.0
37.0
37.0
10.0
10.0
10.0
10.0
37.0
37.0
37.0
37.0
37.0
37.0
37.0
37.0
37.0
37.0
37.0
33.0
37.0
37.0
10.0
37.0
37.0
37.0
16.0
37.0
37.0
33.0
33.0
37.0
37.0
33.0
33.0
37.0
37.0
33.0
37.0
33.0
33.0
37.0
33.0
37.0
37.0
22.0
33.0
1.0
22.0
37.0
37.0
8.0
37.0
45.0
37.0
37.0
20.0
22.0
33.0
10.0
33.0
10.0
37.0
33.0
33.0
36.0
1.0
1.0
10.0
37.0
10.0
37.0
10.0
8.0
37.0
37.0
10.0
36.0
10.0
36.0
10.0
26.0
37.0
16.0
