4.0
36.0
36.0
20.0
38.0
36.0
1.0
36.0
1.0
20.0
36.0
8.0
20.0
20.0
8.0
20.0
20.0
8.0
4.0
4.0
20.0
4.0
8.0
8.0
8.0
38.0
10.0
8.0
38.0
38.0
8.0
4.0
8.0
20.0
20.0
20.0
2.0
4.0
20.0
4.0
4.0
20.0
20.0
20.0
20.0
20.0
4.0
4.0
4.0
4.0
20.0
3.0
20.0
4.0
4.0
8.0
3.0
4.0
8.0
20.0
4.0
36.0
4.0
20.0
20.0
20.0
20.0
38.0
4.0
38.0
36.0
36.0
36.0
36.0
20.0
20.0
20.0
34.0
20.0
38.0
20.0
38.0
36.0
20.0
38.0
4.0
38.0
36.0
8.0
8.0
36.0
38.0
38.0
20.0
20.0
38.0
4.0
8.0
20.0
20.0
8.0
8.0
36.0
38.0
20.0
8.0
4.0
8.0
1.0
8.0
4.0
4.0
4.0
8.0
4.0
8.0
8.0
38.0
10.0
43.0
10.0
1.0
38.0
38.0
38.0
38.0
38.0
38.0
38.0
38.0
8.0
38.0
38.0
38.0
38.0
38.0
38.0
38.0
38.0
38.0
38.0
36.0
36.0
36.0
1.0
1.0
36.0
36.0
36.0
38.0
10.0
36.0
4.0
38.0
1.0
4.0
20.0
36.0
4.0
4.0
36.0
4.0
4.0
38.0
4.0
4.0
20.0
1.0
4.0
10.0
20.0
4.0
8.0
36.0
38.0
10.0
38.0
38.0
38.0
38.0
36.0
38.0
38.0
38.0
38.0
10.0
38.0
20.0
20.0
20.0
20.0
36.0
20.0
4.0
20.0
20.0
1.0
4.0
4.0
8.0
36.0
36.0
38.0
38.0
38.0
38.0
38.0
38.0
38.0
38.0
38.0
38.0
38.0
38.0
38.0
38.0
38.0
38.0
38.0
38.0
38.0
38.0
38.0
38.0
38.0
38.0
38.0
38.0
10.0
38.0
38.0
38.0
38.0
38.0
38.0
4.0
38.0
38.0
38.0
38.0
38.0
38.0
4.0
38.0
1.0
4.0
4.0
10.0
38.0
4.0
4.0
38.0
38.0
4.0
1.0
4.0
4.0
38.0
4.0
38.0
38.0
8.0
4.0
36.0
8.0
38.0
10.0
4.0
10.0
38.0
38.0
10.0
20.0
8.0
4.0
38.0
4.0
38.0
10.0
4.0
4.0
36.0
36.0
36.0
38.0
38.0
38.0
38.0
38.0
4.0
38.0
1.0
38.0
36.0
38.0
36.0
38.0
20.0
10.0
4.0
