3.0
43.0
36.0
20.0
10.0
43.0
43.0
36.0
37.0
43.0
36.0
2.0
16.0
2.0
2.0
20.0
20.0
2.0
4.0
4.0
16.0
4.0
10.0
29.0
10.0
10.0
10.0
10.0
10.0
10.0
10.0
20.0
2.0
20.0
20.0
20.0
22.0
4.0
20.0
3.0
4.0
3.0
20.0
20.0
20.0
20.0
3.0
20.0
3.0
3.0
20.0
3.0
22.0
3.0
3.0
2.0
3.0
4.0
2.0
20.0
3.0
43.0
3.0
20.0
20.0
20.0
20.0
10.0
4.0
10.0
36.0
36.0
36.0
36.0
20.0
20.0
20.0
3.0
20.0
10.0
43.0
10.0
36.0
20.0
10.0
4.0
10.0
36.0
2.0
10.0
43.0
10.0
10.0
20.0
20.0
10.0
3.0
2.0
20.0
20.0
29.0
2.0
43.0
10.0
20.0
29.0
3.0
2.0
37.0
2.0
3.0
3.0
3.0
2.0
3.0
2.0
2.0
10.0
10.0
3.0
10.0
36.0
10.0
10.0
10.0
10.0
10.0
10.0
10.0
10.0
2.0
10.0
10.0
10.0
10.0
10.0
10.0
10.0
10.0
10.0
10.0
36.0
43.0
43.0
36.0
37.0
36.0
43.0
43.0
10.0
10.0
43.0
4.0
10.0
37.0
3.0
20.0
43.0
3.0
3.0
36.0
3.0
3.0
10.0
3.0
3.0
16.0
37.0
3.0
10.0
3.0
3.0
10.0
36.0
10.0
10.0
10.0
10.0
10.0
10.0
36.0
10.0
10.0
10.0
10.0
10.0
10.0
20.0
20.0
20.0
20.0
36.0
20.0
4.0
20.0
20.0
36.0
3.0
3.0
22.0
36.0
43.0
10.0
10.0
10.0
10.0
10.0
10.0
10.0
10.0
10.0
10.0
10.0
10.0
10.0
10.0
10.0
10.0
10.0
10.0
10.0
10.0
10.0
10.0
10.0
10.0
10.0
10.0
10.0
10.0
10.0
10.0
10.0
10.0
10.0
3.0
10.0
10.0
10.0
10.0
10.0
10.0
3.0
10.0
37.0
4.0
3.0
10.0
10.0
3.0
3.0
10.0
10.0
3.0
37.0
3.0
4.0
10.0
3.0
10.0
10.0
2.0
3.0
36.0
2.0
10.0
10.0
3.0
10.0
10.0
10.0
10.0
20.0
2.0
3.0
10.0
4.0
10.0
10.0
3.0
3.0
43.0
36.0
36.0
10.0
10.0
10.0
10.0
10.0
3.0
10.0
10.0
10.0
43.0
10.0
36.0
10.0
20.0
10.0
20.0
