33.0
36.0
1.0
4.0
37.0
36.0
43.0
1.0
37.0
43.0
1.0
22.0
16.0
20.0
29.0
20.0
20.0
29.0
33.0
33.0
16.0
33.0
29.0
29.0
29.0
37.0
37.0
29.0
37.0
37.0
29.0
33.0
29.0
16.0
16.0
16.0
22.0
33.0
16.0
33.0
33.0
16.0
16.0
20.0
20.0
20.0
33.0
33.0
33.0
33.0
33.0
33.0
22.0
33.0
33.0
2.0
22.0
33.0
29.0
16.0
33.0
36.0
33.0
20.0
20.0
20.0
4.0
37.0
33.0
37.0
1.0
1.0
1.0
1.0
16.0
20.0
20.0
22.0
20.0
37.0
16.0
37.0
36.0
20.0
37.0
33.0
37.0
1.0
29.0
29.0
16.0
37.0
37.0
20.0
33.0
37.0
33.0
2.0
20.0
20.0
29.0
29.0
16.0
37.0
20.0
29.0
33.0
29.0
37.0
2.0
33.0
33.0
33.0
29.0
33.0
29.0
29.0
37.0
37.0
22.0
37.0
1.0
37.0
10.0
37.0
37.0
10.0
37.0
37.0
37.0
2.0
37.0
10.0
37.0
10.0
37.0
37.0
37.0
37.0
37.0
37.0
1.0
36.0
16.0
1.0
1.0
36.0
36.0
36.0
37.0
37.0
36.0
33.0
37.0
37.0
33.0
16.0
36.0
33.0
33.0
36.0
33.0
33.0
37.0
33.0
33.0
16.0
37.0
33.0
37.0
16.0
33.0
19.0
1.0
37.0
37.0
37.0
10.0
37.0
37.0
1.0
37.0
37.0
37.0
37.0
37.0
37.0
16.0
16.0
16.0
16.0
1.0
20.0
33.0
20.0
20.0
1.0
33.0
33.0
22.0
1.0
16.0
37.0
37.0
37.0
37.0
37.0
37.0
37.0
37.0
37.0
37.0
37.0
37.0
37.0
37.0
37.0
37.0
37.0
37.0
37.0
37.0
37.0
37.0
37.0
37.0
37.0
37.0
37.0
37.0
37.0
37.0
37.0
37.0
37.0
33.0
37.0
37.0
37.0
37.0
37.0
37.0
33.0
37.0
1.0
33.0
33.0
37.0
37.0
33.0
33.0
37.0
37.0
33.0
1.0
33.0
33.0
37.0
33.0
37.0
37.0
2.0
33.0
1.0
2.0
37.0
37.0
33.0
37.0
37.0
37.0
37.0
19.0
2.0
33.0
10.0
33.0
37.0
37.0
33.0
33.0
36.0
1.0
1.0
10.0
37.0
10.0
37.0
10.0
33.0
37.0
37.0
37.0
36.0
10.0
1.0
10.0
20.0
37.0
33.0
