4.0
1.0
1.0
20.0
10.0
1.0
1.0
1.0
1.0
1.0
1.0
22.0
16.0
20.0
8.0
16.0
16.0
8.0
4.0
4.0
16.0
4.0
8.0
8.0
8.0
10.0
10.0
8.0
10.0
10.0
8.0
16.0
8.0
16.0
16.0
16.0
22.0
4.0
16.0
16.0
4.0
16.0
16.0
16.0
16.0
16.0
4.0
16.0
4.0
4.0
16.0
4.0
20.0
4.0
4.0
8.0
3.0
4.0
8.0
16.0
4.0
16.0
4.0
16.0
16.0
16.0
16.0
10.0
4.0
10.0
1.0
1.0
1.0
1.0
16.0
16.0
20.0
3.0
16.0
10.0
16.0
10.0
1.0
16.0
10.0
4.0
10.0
1.0
8.0
8.0
16.0
10.0
10.0
16.0
16.0
10.0
4.0
8.0
20.0
20.0
8.0
8.0
16.0
10.0
20.0
8.0
4.0
8.0
1.0
22.0
4.0
4.0
4.0
8.0
4.0
8.0
8.0
10.0
10.0
3.0
10.0
1.0
10.0
10.0
10.0
10.0
10.0
10.0
10.0
10.0
8.0
10.0
10.0
10.0
10.0
10.0
10.0
10.0
10.0
10.0
10.0
1.0
16.0
16.0
1.0
1.0
1.0
43.0
16.0
10.0
1.0
16.0
4.0
10.0
1.0
16.0
16.0
43.0
4.0
4.0
1.0
4.0
4.0
10.0
4.0
4.0
16.0
1.0
4.0
10.0
16.0
4.0
8.0
1.0
10.0
10.0
10.0
10.0
10.0
10.0
1.0
10.0
10.0
10.0
10.0
10.0
10.0
16.0
16.0
16.0
16.0
1.0
16.0
4.0
16.0
16.0
1.0
4.0
4.0
22.0
1.0
16.0
10.0
10.0
10.0
10.0
10.0
10.0
10.0
10.0
10.0
10.0
10.0
10.0
10.0
10.0
10.0
10.0
10.0
10.0
10.0
10.0
10.0
10.0
10.0
10.0
10.0
10.0
10.0
10.0
10.0
10.0
10.0
10.0
10.0
4.0
10.0
10.0
10.0
10.0
10.0
10.0
16.0
10.0
1.0
4.0
4.0
10.0
10.0
4.0
4.0
10.0
10.0
4.0
1.0
4.0
4.0
10.0
4.0
10.0
10.0
8.0
4.0
1.0
22.0
10.0
10.0
4.0
10.0
10.0
10.0
10.0
20.0
8.0
4.0
10.0
4.0
10.0
10.0
4.0
4.0
16.0
1.0
1.0
10.0
10.0
10.0
10.0
10.0
4.0
10.0
1.0
10.0
43.0
10.0
1.0
10.0
20.0
10.0
16.0
