8.0
36.0
36.0
20.0
10.0
36.0
1.0
36.0
1.0
1.0
36.0
22.0
20.0
22.0
8.0
20.0
20.0
8.0
3.0
3.0
20.0
3.0
8.0
8.0
8.0
10.0
10.0
8.0
10.0
10.0
8.0
20.0
8.0
20.0
20.0
20.0
22.0
3.0
3.0
3.0
3.0
3.0
3.0
20.0
20.0
20.0
3.0
20.0
3.0
3.0
20.0
8.0
20.0
3.0
3.0
8.0
8.0
3.0
8.0
3.0
3.0
36.0
3.0
20.0
20.0
20.0
20.0
10.0
3.0
10.0
36.0
36.0
36.0
36.0
20.0
20.0
20.0
8.0
20.0
10.0
20.0
10.0
36.0
20.0
10.0
3.0
10.0
36.0
8.0
8.0
20.0
10.0
10.0
20.0
20.0
10.0
8.0
8.0
20.0
20.0
8.0
8.0
20.0
10.0
20.0
8.0
8.0
8.0
37.0
22.0
3.0
3.0
8.0
8.0
8.0
8.0
8.0
10.0
10.0
8.0
10.0
36.0
10.0
10.0
10.0
10.0
10.0
10.0
10.0
10.0
8.0
10.0
10.0
10.0
10.0
10.0
10.0
10.0
10.0
10.0
10.0
36.0
36.0
16.0
36.0
48.0
36.0
36.0
36.0
10.0
10.0
36.0
3.0
10.0
48.0
3.0
3.0
36.0
3.0
3.0
36.0
3.0
3.0
10.0
3.0
3.0
20.0
48.0
8.0
10.0
3.0
3.0
8.0
36.0
10.0
10.0
10.0
10.0
10.0
10.0
36.0
10.0
10.0
10.0
10.0
10.0
10.0
20.0
20.0
20.0
20.0
36.0
20.0
3.0
20.0
20.0
36.0
8.0
8.0
22.0
36.0
3.0
10.0
10.0
10.0
10.0
10.0
10.0
10.0
10.0
10.0
10.0
10.0
10.0
10.0
10.0
10.0
10.0
10.0
10.0
10.0
10.0
10.0
10.0
10.0
10.0
10.0
10.0
10.0
10.0
10.0
10.0
10.0
10.0
10.0
3.0
10.0
10.0
10.0
10.0
10.0
10.0
3.0
10.0
48.0
3.0
8.0
10.0
10.0
3.0
3.0
10.0
10.0
3.0
36.0
3.0
3.0
10.0
3.0
10.0
10.0
8.0
8.0
36.0
22.0
10.0
10.0
8.0
10.0
10.0
10.0
10.0
8.0
8.0
3.0
10.0
20.0
10.0
10.0
3.0
3.0
36.0
36.0
36.0
10.0
10.0
10.0
10.0
10.0
8.0
10.0
10.0
10.0
36.0
10.0
36.0
10.0
20.0
10.0
20.0
