33.0
43.0
36.0
16.0
45.0
43.0
23.0
36.0
37.0
37.0
23.0
22.0
16.0
22.0
2.0
20.0
16.0
2.0
33.0
33.0
16.0
33.0
10.0
10.0
10.0
45.0
10.0
10.0
45.0
45.0
10.0
16.0
2.0
16.0
16.0
16.0
22.0
33.0
16.0
16.0
33.0
16.0
16.0
16.0
16.0
16.0
33.0
16.0
33.0
33.0
16.0
4.0
22.0
33.0
33.0
2.0
2.0
33.0
2.0
16.0
33.0
43.0
33.0
16.0
16.0
16.0
16.0
45.0
33.0
45.0
36.0
23.0
36.0
36.0
16.0
16.0
16.0
8.0
16.0
45.0
43.0
45.0
23.0
16.0
45.0
33.0
45.0
36.0
2.0
10.0
43.0
45.0
45.0
16.0
16.0
45.0
33.0
2.0
16.0
16.0
10.0
2.0
43.0
45.0
16.0
10.0
33.0
10.0
37.0
22.0
33.0
33.0
33.0
2.0
33.0
2.0
2.0
45.0
10.0
8.0
10.0
36.0
45.0
45.0
45.0
45.0
45.0
45.0
45.0
45.0
2.0
45.0
45.0
45.0
45.0
45.0
45.0
45.0
45.0
45.0
45.0
36.0
43.0
43.0
23.0
37.0
43.0
43.0
43.0
45.0
10.0
43.0
33.0
45.0
37.0
16.0
16.0
43.0
33.0
33.0
43.0
33.0
33.0
45.0
33.0
33.0
16.0
37.0
4.0
10.0
16.0
33.0
10.0
36.0
45.0
10.0
45.0
45.0
45.0
45.0
36.0
45.0
45.0
45.0
45.0
10.0
45.0
16.0
16.0
16.0
16.0
36.0
16.0
33.0
20.0
16.0
23.0
33.0
33.0
22.0
36.0
43.0
45.0
45.0
45.0
45.0
45.0
45.0
45.0
45.0
45.0
45.0
45.0
45.0
45.0
45.0
45.0
45.0
45.0
45.0
45.0
45.0
45.0
45.0
45.0
45.0
45.0
45.0
10.0
45.0
45.0
45.0
45.0
45.0
45.0
33.0
45.0
45.0
45.0
45.0
45.0
45.0
16.0
45.0
37.0
33.0
33.0
10.0
45.0
33.0
33.0
45.0
45.0
33.0
37.0
33.0
33.0
45.0
33.0
45.0
45.0
2.0
33.0
36.0
22.0
45.0
10.0
4.0
10.0
45.0
45.0
10.0
16.0
2.0
33.0
45.0
33.0
45.0
10.0
33.0
33.0
43.0
36.0
36.0
45.0
45.0
45.0
45.0
45.0
33.0
45.0
10.0
45.0
43.0
45.0
36.0
45.0
20.0
10.0
16.0
