4.0
6.0
1.0
4.0
10.0
36.0
37.0
23.0
37.0
37.0
23.0
26.0
16.0
26.0
2.0
20.0
16.0
2.0
4.0
4.0
16.0
4.0
10.0
10.0
10.0
10.0
10.0
10.0
10.0
10.0
10.0
16.0
2.0
16.0
16.0
16.0
2.0
4.0
16.0
4.0
4.0
16.0
16.0
16.0
16.0
16.0
4.0
16.0
4.0
4.0
4.0
4.0
26.0
4.0
4.0
2.0
4.0
4.0
2.0
16.0
4.0
16.0
4.0
16.0
16.0
16.0
16.0
10.0
4.0
10.0
23.0
1.0
1.0
36.0
16.0
16.0
16.0
3.0
16.0
10.0
16.0
10.0
23.0
16.0
10.0
4.0
10.0
1.0
2.0
10.0
16.0
10.0
10.0
16.0
16.0
10.0
4.0
2.0
16.0
16.0
10.0
2.0
16.0
10.0
16.0
10.0
4.0
10.0
1.0
10.0
4.0
4.0
4.0
2.0
4.0
2.0
2.0
10.0
10.0
3.0
10.0
1.0
10.0
10.0
10.0
10.0
10.0
10.0
10.0
10.0
2.0
10.0
10.0
10.0
10.0
10.0
10.0
10.0
10.0
10.0
10.0
1.0
6.0
16.0
1.0
1.0
36.0
6.0
6.0
10.0
10.0
6.0
4.0
10.0
1.0
16.0
16.0
20.0
4.0
4.0
23.0
4.0
4.0
10.0
4.0
4.0
16.0
1.0
4.0
10.0
16.0
4.0
26.0
1.0
10.0
10.0
10.0
10.0
10.0
10.0
1.0
10.0
10.0
10.0
10.0
10.0
10.0
16.0
16.0
16.0
16.0
1.0
16.0
4.0
20.0
20.0
1.0
4.0
4.0
2.0
23.0
16.0
10.0
10.0
10.0
10.0
10.0
10.0
10.0
10.0
10.0
10.0
10.0
10.0
10.0
10.0
10.0
10.0
10.0
10.0
10.0
10.0
10.0
10.0
10.0
10.0
10.0
10.0
10.0
10.0
10.0
10.0
10.0
10.0
10.0
4.0
10.0
10.0
10.0
10.0
10.0
10.0
4.0
10.0
1.0
4.0
4.0
10.0
10.0
4.0
4.0
10.0
10.0
4.0
1.0
4.0
4.0
10.0
4.0
10.0
10.0
2.0
4.0
1.0
10.0
10.0
10.0
4.0
10.0
10.0
10.0
10.0
26.0
2.0
4.0
10.0
4.0
10.0
10.0
4.0
4.0
16.0
23.0
23.0
10.0
10.0
10.0
10.0
10.0
4.0
10.0
1.0
10.0
6.0
10.0
23.0
10.0
26.0
10.0
4.0
