3.0
36.0
36.0
16.0
10.0
36.0
1.0
36.0
37.0
36.0
36.0
26.0
16.0
26.0
2.0
16.0
16.0
2.0
33.0
33.0
16.0
33.0
8.0
8.0
8.0
10.0
10.0
8.0
10.0
10.0
8.0
16.0
2.0
16.0
16.0
16.0
2.0
33.0
16.0
16.0
33.0
16.0
16.0
16.0
16.0
16.0
3.0
16.0
33.0
3.0
16.0
3.0
26.0
33.0
3.0
2.0
3.0
33.0
2.0
16.0
3.0
36.0
33.0
16.0
16.0
16.0
16.0
10.0
33.0
10.0
36.0
36.0
36.0
36.0
16.0
16.0
16.0
19.0
16.0
10.0
36.0
10.0
36.0
16.0
10.0
16.0
10.0
36.0
2.0
8.0
36.0
10.0
10.0
16.0
16.0
10.0
3.0
2.0
16.0
16.0
8.0
2.0
36.0
10.0
16.0
8.0
3.0
2.0
37.0
2.0
3.0
3.0
3.0
2.0
3.0
2.0
2.0
10.0
10.0
19.0
10.0
1.0
10.0
10.0
10.0
10.0
10.0
10.0
10.0
10.0
2.0
10.0
10.0
10.0
10.0
10.0
10.0
10.0
10.0
10.0
10.0
36.0
36.0
36.0
1.0
23.0
36.0
36.0
36.0
10.0
37.0
36.0
33.0
10.0
37.0
16.0
16.0
36.0
33.0
3.0
36.0
33.0
3.0
10.0
3.0
3.0
16.0
37.0
3.0
10.0
16.0
33.0
10.0
1.0
10.0
10.0
10.0
10.0
10.0
10.0
36.0
10.0
10.0
10.0
10.0
10.0
10.0
16.0
16.0
16.0
16.0
36.0
16.0
33.0
16.0
16.0
1.0
3.0
3.0
2.0
36.0
16.0
10.0
10.0
10.0
10.0
10.0
10.0
10.0
10.0
10.0
10.0
10.0
10.0
10.0
10.0
10.0
10.0
10.0
10.0
10.0
10.0
10.0
10.0
10.0
10.0
10.0
10.0
10.0
10.0
10.0
10.0
10.0
10.0
10.0
33.0
10.0
10.0
10.0
10.0
10.0
10.0
16.0
10.0
23.0
33.0
3.0
10.0
10.0
33.0
33.0
10.0
10.0
33.0
37.0
33.0
33.0
10.0
3.0
10.0
10.0
2.0
3.0
36.0
2.0
10.0
10.0
3.0
10.0
10.0
10.0
10.0
16.0
2.0
33.0
10.0
33.0
10.0
10.0
33.0
3.0
36.0
36.0
36.0
10.0
10.0
10.0
10.0
10.0
3.0
10.0
37.0
10.0
36.0
10.0
36.0
10.0
26.0
10.0
16.0
