4.0
1.0
1.0
20.0
10.0
1.0
1.0
1.0
1.0
1.0
1.0
22.0
16.0
26.0
2.0
20.0
20.0
2.0
4.0
4.0
16.0
4.0
10.0
10.0
10.0
10.0
10.0
10.0
10.0
10.0
10.0
20.0
2.0
16.0
16.0
20.0
2.0
4.0
16.0
4.0
4.0
16.0
16.0
20.0
20.0
20.0
4.0
20.0
4.0
4.0
20.0
4.0
26.0
4.0
4.0
2.0
2.0
4.0
2.0
16.0
4.0
1.0
4.0
20.0
20.0
20.0
20.0
10.0
4.0
10.0
1.0
1.0
1.0
1.0
20.0
20.0
20.0
4.0
20.0
10.0
16.0
10.0
1.0
20.0
10.0
4.0
10.0
1.0
2.0
10.0
16.0
10.0
10.0
20.0
20.0
10.0
4.0
2.0
20.0
20.0
10.0
2.0
16.0
10.0
20.0
10.0
4.0
2.0
1.0
22.0
4.0
4.0
4.0
2.0
4.0
2.0
2.0
10.0
10.0
19.0
10.0
1.0
10.0
10.0
10.0
10.0
10.0
10.0
10.0
10.0
2.0
10.0
10.0
10.0
10.0
10.0
10.0
10.0
10.0
10.0
10.0
1.0
1.0
16.0
1.0
1.0
1.0
1.0
1.0
10.0
10.0
1.0
4.0
10.0
1.0
4.0
16.0
1.0
4.0
4.0
1.0
4.0
4.0
10.0
4.0
4.0
16.0
1.0
4.0
10.0
16.0
4.0
10.0
1.0
10.0
10.0
10.0
10.0
10.0
10.0
1.0
10.0
10.0
10.0
10.0
10.0
10.0
20.0
20.0
20.0
20.0
1.0
20.0
4.0
20.0
20.0
1.0
4.0
4.0
2.0
1.0
16.0
10.0
10.0
10.0
10.0
10.0
10.0
10.0
10.0
10.0
10.0
10.0
10.0
10.0
10.0
10.0
10.0
10.0
10.0
10.0
10.0
10.0
10.0
10.0
10.0
10.0
10.0
10.0
10.0
10.0
10.0
10.0
10.0
10.0
4.0
10.0
10.0
10.0
10.0
10.0
10.0
4.0
10.0
1.0
4.0
4.0
10.0
10.0
4.0
4.0
10.0
10.0
4.0
1.0
4.0
4.0
10.0
4.0
10.0
10.0
2.0
4.0
1.0
22.0
10.0
10.0
4.0
10.0
10.0
10.0
10.0
20.0
2.0
4.0
10.0
4.0
10.0
10.0
4.0
4.0
1.0
1.0
1.0
10.0
10.0
10.0
10.0
10.0
4.0
10.0
1.0
10.0
1.0
10.0
1.0
10.0
20.0
10.0
20.0
