33.0
16.0
36.0
16.0
10.0
16.0
36.0
36.0
37.0
37.0
36.0
2.0
16.0
20.0
2.0
20.0
20.0
2.0
33.0
33.0
16.0
33.0
10.0
10.0
10.0
10.0
10.0
10.0
10.0
10.0
10.0
16.0
2.0
16.0
16.0
16.0
2.0
33.0
16.0
16.0
33.0
16.0
16.0
16.0
16.0
16.0
33.0
16.0
33.0
33.0
16.0
2.0
26.0
33.0
33.0
2.0
19.0
33.0
2.0
16.0
33.0
16.0
33.0
16.0
16.0
16.0
16.0
10.0
33.0
10.0
36.0
36.0
36.0
36.0
16.0
16.0
20.0
19.0
16.0
10.0
16.0
10.0
36.0
16.0
10.0
16.0
10.0
36.0
2.0
10.0
16.0
10.0
10.0
20.0
16.0
10.0
33.0
2.0
16.0
16.0
10.0
2.0
16.0
10.0
16.0
10.0
33.0
2.0
37.0
2.0
33.0
33.0
33.0
2.0
33.0
2.0
2.0
10.0
10.0
19.0
10.0
36.0
10.0
10.0
10.0
10.0
10.0
10.0
10.0
10.0
2.0
10.0
10.0
10.0
10.0
10.0
10.0
10.0
10.0
10.0
10.0
36.0
16.0
16.0
36.0
37.0
36.0
16.0
16.0
10.0
10.0
16.0
33.0
10.0
37.0
16.0
16.0
16.0
33.0
33.0
36.0
33.0
33.0
10.0
33.0
33.0
16.0
37.0
33.0
10.0
16.0
33.0
26.0
36.0
10.0
10.0
10.0
10.0
10.0
10.0
36.0
10.0
10.0
10.0
10.0
10.0
10.0
16.0
16.0
16.0
16.0
36.0
16.0
33.0
20.0
16.0
36.0
33.0
33.0
2.0
36.0
16.0
10.0
10.0
10.0
10.0
10.0
10.0
10.0
10.0
10.0
10.0
10.0
10.0
10.0
10.0
10.0
10.0
10.0
10.0
10.0
10.0
10.0
10.0
10.0
10.0
10.0
10.0
10.0
10.0
10.0
10.0
10.0
10.0
10.0
33.0
10.0
10.0
10.0
10.0
10.0
10.0
16.0
10.0
37.0
33.0
33.0
10.0
10.0
33.0
33.0
10.0
10.0
33.0
36.0
33.0
33.0
10.0
33.0
10.0
10.0
2.0
33.0
36.0
2.0
10.0
10.0
33.0
10.0
10.0
10.0
10.0
26.0
2.0
33.0
10.0
33.0
10.0
10.0
33.0
33.0
16.0
36.0
36.0
10.0
10.0
10.0
10.0
10.0
33.0
10.0
37.0
10.0
16.0
10.0
36.0
10.0
26.0
10.0
16.0
