4.0
16.0
1.0
16.0
10.0
20.0
1.0
1.0
1.0
20.0
1.0
39.0
16.0
20.0
39.0
20.0
20.0
39.0
4.0
4.0
16.0
4.0
39.0
39.0
39.0
10.0
10.0
39.0
10.0
10.0
39.0
16.0
39.0
16.0
16.0
16.0
15.0
4.0
16.0
16.0
4.0
16.0
16.0
16.0
16.0
20.0
4.0
16.0
4.0
4.0
16.0
4.0
15.0
4.0
4.0
39.0
15.0
4.0
39.0
16.0
4.0
20.0
4.0
16.0
16.0
16.0
16.0
10.0
4.0
10.0
1.0
1.0
1.0
1.0
16.0
16.0
20.0
15.0
16.0
10.0
16.0
10.0
1.0
16.0
10.0
4.0
10.0
1.0
39.0
39.0
20.0
10.0
10.0
16.0
16.0
10.0
4.0
39.0
20.0
20.0
39.0
39.0
16.0
10.0
20.0
39.0
4.0
39.0
1.0
39.0
4.0
4.0
4.0
39.0
4.0
39.0
39.0
10.0
10.0
8.0
10.0
1.0
10.0
10.0
10.0
10.0
10.0
10.0
10.0
10.0
39.0
10.0
10.0
10.0
10.0
10.0
10.0
10.0
10.0
10.0
10.0
1.0
16.0
16.0
1.0
1.0
1.0
16.0
20.0
10.0
10.0
16.0
4.0
10.0
1.0
16.0
16.0
16.0
4.0
4.0
1.0
4.0
4.0
10.0
4.0
4.0
16.0
1.0
4.0
10.0
16.0
4.0
8.0
1.0
10.0
10.0
10.0
10.0
10.0
10.0
1.0
10.0
10.0
10.0
10.0
10.0
10.0
16.0
16.0
16.0
16.0
1.0
16.0
4.0
20.0
20.0
1.0
4.0
4.0
15.0
1.0
16.0
10.0
10.0
10.0
10.0
10.0
10.0
10.0
10.0
10.0
10.0
10.0
10.0
10.0
10.0
10.0
10.0
10.0
10.0
10.0
10.0
10.0
10.0
10.0
10.0
10.0
10.0
10.0
10.0
10.0
10.0
10.0
10.0
10.0
4.0
10.0
10.0
10.0
10.0
10.0
10.0
16.0
10.0
1.0
4.0
4.0
10.0
10.0
4.0
4.0
10.0
10.0
4.0
1.0
4.0
4.0
10.0
4.0
10.0
10.0
39.0
4.0
1.0
39.0
10.0
10.0
4.0
10.0
10.0
10.0
10.0
8.0
39.0
4.0
10.0
4.0
10.0
10.0
4.0
4.0
20.0
1.0
1.0
10.0
10.0
10.0
10.0
10.0
4.0
10.0
1.0
10.0
1.0
10.0
1.0
10.0
15.0
10.0
16.0
