4.0
36.0
23.0
20.0
38.0
20.0
37.0
23.0
37.0
37.0
36.0
22.0
16.0
22.0
22.0
20.0
20.0
2.0
4.0
4.0
16.0
4.0
10.0
10.0
10.0
38.0
38.0
10.0
38.0
38.0
10.0
16.0
2.0
16.0
16.0
16.0
22.0
4.0
16.0
4.0
4.0
16.0
16.0
16.0
16.0
16.0
4.0
16.0
4.0
4.0
4.0
4.0
4.0
4.0
4.0
22.0
15.0
4.0
2.0
16.0
4.0
36.0
4.0
20.0
20.0
20.0
16.0
38.0
4.0
38.0
36.0
23.0
23.0
36.0
16.0
16.0
20.0
3.0
16.0
38.0
16.0
38.0
36.0
16.0
38.0
4.0
38.0
36.0
2.0
10.0
16.0
38.0
38.0
20.0
16.0
38.0
4.0
2.0
16.0
16.0
10.0
2.0
16.0
38.0
16.0
10.0
4.0
2.0
37.0
22.0
4.0
4.0
4.0
2.0
4.0
2.0
2.0
38.0
38.0
3.0
37.0
37.0
38.0
38.0
38.0
38.0
38.0
38.0
38.0
38.0
2.0
38.0
38.0
38.0
38.0
38.0
38.0
38.0
38.0
38.0
38.0
36.0
36.0
16.0
23.0
37.0
36.0
36.0
36.0
38.0
37.0
36.0
4.0
38.0
37.0
4.0
16.0
36.0
4.0
4.0
36.0
4.0
4.0
38.0
4.0
4.0
16.0
37.0
4.0
37.0
16.0
4.0
7.0
23.0
38.0
38.0
38.0
38.0
38.0
38.0
23.0
38.0
38.0
38.0
38.0
37.0
38.0
16.0
16.0
16.0
16.0
23.0
20.0
4.0
20.0
20.0
23.0
4.0
4.0
22.0
36.0
16.0
38.0
38.0
38.0
38.0
38.0
38.0
38.0
38.0
38.0
38.0
38.0
38.0
38.0
38.0
38.0
38.0
38.0
38.0
38.0
38.0
38.0
38.0
38.0
38.0
38.0
38.0
37.0
38.0
38.0
38.0
38.0
38.0
38.0
4.0
38.0
38.0
38.0
38.0
38.0
38.0
4.0
38.0
37.0
4.0
4.0
38.0
38.0
4.0
4.0
38.0
38.0
4.0
37.0
4.0
4.0
38.0
4.0
38.0
38.0
22.0
4.0
36.0
22.0
38.0
38.0
4.0
38.0
38.0
38.0
37.0
16.0
22.0
4.0
38.0
4.0
38.0
37.0
4.0
4.0
36.0
36.0
36.0
38.0
38.0
38.0
38.0
38.0
4.0
38.0
37.0
38.0
36.0
38.0
36.0
38.0
20.0
37.0
4.0
