33.0
43.0
1.0
20.0
38.0
43.0
1.0
1.0
37.0
43.0
43.0
2.0
16.0
20.0
2.0
20.0
20.0
2.0
33.0
33.0
16.0
16.0
8.0
8.0
8.0
38.0
10.0
8.0
38.0
38.0
8.0
16.0
2.0
16.0
16.0
16.0
2.0
33.0
16.0
16.0
33.0
16.0
16.0
20.0
20.0
20.0
33.0
16.0
33.0
33.0
16.0
2.0
2.0
33.0
33.0
2.0
2.0
33.0
2.0
16.0
33.0
43.0
33.0
20.0
20.0
20.0
16.0
38.0
33.0
38.0
1.0
1.0
1.0
1.0
16.0
20.0
20.0
22.0
20.0
38.0
43.0
38.0
43.0
16.0
38.0
16.0
38.0
1.0
2.0
8.0
43.0
38.0
38.0
20.0
16.0
38.0
33.0
2.0
20.0
20.0
8.0
2.0
43.0
38.0
20.0
8.0
33.0
8.0
37.0
2.0
33.0
33.0
33.0
2.0
33.0
2.0
2.0
38.0
38.0
22.0
10.0
1.0
38.0
38.0
38.0
38.0
38.0
38.0
38.0
38.0
2.0
38.0
38.0
38.0
38.0
38.0
38.0
38.0
38.0
38.0
38.0
1.0
43.0
43.0
1.0
37.0
43.0
43.0
43.0
38.0
10.0
43.0
33.0
38.0
1.0
16.0
16.0
43.0
33.0
33.0
43.0
33.0
33.0
38.0
33.0
33.0
16.0
37.0
2.0
10.0
16.0
33.0
8.0
1.0
38.0
10.0
38.0
38.0
38.0
38.0
1.0
38.0
38.0
38.0
38.0
10.0
38.0
16.0
16.0
16.0
16.0
1.0
20.0
33.0
20.0
20.0
1.0
2.0
33.0
2.0
1.0
43.0
38.0
38.0
38.0
38.0
38.0
38.0
38.0
38.0
38.0
38.0
38.0
38.0
38.0
38.0
38.0
38.0
38.0
38.0
38.0
38.0
38.0
38.0
38.0
38.0
38.0
38.0
10.0
38.0
38.0
38.0
38.0
38.0
38.0
33.0
38.0
38.0
38.0
38.0
38.0
38.0
16.0
38.0
37.0
33.0
33.0
10.0
38.0
33.0
33.0
38.0
38.0
33.0
1.0
33.0
33.0
38.0
33.0
38.0
38.0
2.0
33.0
1.0
2.0
38.0
37.0
2.0
10.0
38.0
38.0
10.0
20.0
2.0
33.0
38.0
16.0
38.0
10.0
16.0
33.0
43.0
1.0
1.0
38.0
38.0
38.0
38.0
38.0
2.0
38.0
37.0
38.0
43.0
38.0
43.0
38.0
20.0
10.0
16.0
