33.0
43.0
36.0
4.0
10.0
36.0
36.0
36.0
37.0
37.0
36.0
2.0
16.0
22.0
2.0
16.0
16.0
2.0
4.0
4.0
16.0
4.0
39.0
39.0
39.0
10.0
10.0
39.0
10.0
10.0
39.0
16.0
2.0
16.0
16.0
16.0
2.0
4.0
16.0
16.0
4.0
16.0
16.0
16.0
16.0
16.0
33.0
16.0
33.0
33.0
16.0
2.0
15.0
33.0
33.0
2.0
2.0
33.0
2.0
16.0
33.0
43.0
33.0
16.0
16.0
16.0
16.0
10.0
33.0
10.0
36.0
36.0
36.0
36.0
16.0
16.0
16.0
8.0
16.0
10.0
43.0
10.0
36.0
16.0
10.0
4.0
10.0
36.0
2.0
39.0
43.0
10.0
10.0
16.0
16.0
10.0
33.0
2.0
16.0
2.0
39.0
2.0
43.0
10.0
16.0
8.0
33.0
2.0
37.0
2.0
33.0
33.0
33.0
2.0
33.0
2.0
2.0
10.0
10.0
8.0
37.0
36.0
10.0
10.0
10.0
10.0
10.0
10.0
10.0
10.0
2.0
10.0
10.0
10.0
10.0
10.0
10.0
10.0
10.0
10.0
10.0
36.0
43.0
43.0
36.0
37.0
36.0
43.0
43.0
10.0
37.0
43.0
4.0
10.0
37.0
16.0
16.0
43.0
33.0
33.0
36.0
33.0
33.0
10.0
33.0
33.0
16.0
37.0
2.0
37.0
16.0
33.0
8.0
36.0
10.0
37.0
10.0
10.0
10.0
10.0
36.0
10.0
10.0
10.0
10.0
10.0
10.0
16.0
16.0
16.0
16.0
36.0
16.0
4.0
16.0
16.0
36.0
33.0
33.0
2.0
36.0
43.0
10.0
10.0
10.0
10.0
10.0
10.0
10.0
10.0
10.0
10.0
10.0
10.0
10.0
10.0
10.0
10.0
10.0
10.0
10.0
10.0
10.0
10.0
37.0
10.0
10.0
10.0
37.0
10.0
10.0
10.0
10.0
10.0
10.0
33.0
10.0
10.0
10.0
10.0
10.0
10.0
16.0
10.0
37.0
4.0
33.0
10.0
10.0
33.0
33.0
10.0
10.0
33.0
36.0
33.0
4.0
10.0
33.0
10.0
10.0
2.0
33.0
36.0
2.0
10.0
10.0
2.0
10.0
10.0
10.0
37.0
8.0
2.0
33.0
10.0
4.0
10.0
37.0
4.0
4.0
43.0
36.0
36.0
10.0
10.0
10.0
10.0
10.0
4.0
10.0
37.0
10.0
43.0
10.0
36.0
10.0
15.0
10.0
16.0
