2.0
36.0
36.0
16.0
10.0
36.0
36.0
36.0
37.0
36.0
36.0
22.0
16.0
22.0
22.0
16.0
16.0
22.0
16.0
16.0
16.0
16.0
29.0
29.0
29.0
10.0
10.0
29.0
10.0
10.0
29.0
16.0
22.0
16.0
16.0
16.0
22.0
16.0
16.0
16.0
16.0
16.0
16.0
16.0
16.0
16.0
2.0
16.0
2.0
2.0
16.0
2.0
22.0
2.0
2.0
22.0
2.0
5.0
22.0
16.0
2.0
36.0
2.0
16.0
16.0
16.0
16.0
10.0
15.0
10.0
36.0
36.0
36.0
36.0
16.0
16.0
16.0
19.0
16.0
10.0
36.0
10.0
36.0
16.0
10.0
16.0
10.0
36.0
22.0
29.0
36.0
10.0
10.0
16.0
16.0
10.0
2.0
22.0
16.0
16.0
29.0
22.0
36.0
10.0
16.0
29.0
2.0
22.0
37.0
22.0
2.0
2.0
2.0
22.0
2.0
22.0
22.0
10.0
10.0
19.0
10.0
36.0
10.0
10.0
10.0
10.0
10.0
10.0
10.0
10.0
22.0
10.0
10.0
10.0
10.0
10.0
10.0
10.0
10.0
10.0
10.0
36.0
36.0
36.0
36.0
37.0
36.0
36.0
36.0
10.0
10.0
36.0
16.0
10.0
37.0
16.0
16.0
36.0
2.0
2.0
36.0
2.0
2.0
10.0
2.0
2.0
16.0
37.0
2.0
10.0
16.0
2.0
8.0
36.0
10.0
10.0
10.0
10.0
10.0
10.0
36.0
10.0
10.0
10.0
10.0
10.0
10.0
16.0
16.0
16.0
16.0
36.0
16.0
16.0
16.0
16.0
36.0
2.0
2.0
22.0
36.0
36.0
10.0
10.0
10.0
10.0
10.0
10.0
10.0
10.0
10.0
10.0
10.0
10.0
10.0
10.0
10.0
10.0
10.0
10.0
10.0
10.0
10.0
10.0
10.0
10.0
10.0
10.0
10.0
10.0
10.0
10.0
10.0
10.0
10.0
2.0
10.0
10.0
10.0
10.0
10.0
10.0
16.0
10.0
37.0
16.0
2.0
10.0
10.0
2.0
2.0
10.0
10.0
2.0
36.0
15.0
16.0
10.0
2.0
10.0
10.0
22.0
2.0
36.0
22.0
10.0
10.0
2.0
10.0
10.0
10.0
10.0
20.0
22.0
2.0
10.0
15.0
10.0
10.0
15.0
15.0
36.0
36.0
36.0
10.0
10.0
10.0
10.0
10.0
2.0
10.0
37.0
10.0
36.0
10.0
36.0
10.0
26.0
10.0
16.0
