2.0
43.0
36.0
20.0
10.0
36.0
43.0
36.0
36.0
43.0
36.0
22.0
16.0
22.0
22.0
20.0
20.0
22.0
33.0
33.0
16.0
33.0
22.0
39.0
39.0
10.0
10.0
22.0
10.0
10.0
39.0
16.0
22.0
16.0
16.0
16.0
22.0
33.0
16.0
16.0
33.0
16.0
16.0
20.0
20.0
20.0
2.0
16.0
33.0
33.0
20.0
2.0
22.0
33.0
33.0
22.0
2.0
33.0
22.0
16.0
33.0
43.0
33.0
20.0
20.0
20.0
20.0
10.0
33.0
10.0
36.0
36.0
36.0
36.0
16.0
20.0
20.0
22.0
20.0
10.0
16.0
10.0
36.0
20.0
10.0
33.0
10.0
36.0
22.0
22.0
16.0
10.0
10.0
20.0
16.0
10.0
2.0
22.0
20.0
20.0
39.0
22.0
16.0
10.0
20.0
39.0
2.0
22.0
10.0
22.0
33.0
2.0
2.0
22.0
2.0
22.0
22.0
10.0
10.0
22.0
10.0
36.0
10.0
10.0
10.0
10.0
10.0
10.0
10.0
10.0
22.0
10.0
10.0
10.0
10.0
10.0
10.0
10.0
10.0
10.0
10.0
36.0
43.0
16.0
36.0
36.0
36.0
43.0
43.0
10.0
10.0
43.0
33.0
10.0
10.0
16.0
16.0
43.0
33.0
2.0
36.0
33.0
2.0
10.0
2.0
2.0
16.0
10.0
2.0
10.0
16.0
33.0
43.0
36.0
10.0
10.0
10.0
10.0
10.0
10.0
36.0
10.0
10.0
10.0
10.0
10.0
10.0
16.0
16.0
16.0
16.0
36.0
20.0
33.0
20.0
20.0
36.0
2.0
2.0
22.0
36.0
16.0
10.0
10.0
10.0
10.0
10.0
10.0
10.0
10.0
10.0
10.0
10.0
10.0
10.0
10.0
10.0
10.0
10.0
10.0
10.0
10.0
10.0
10.0
10.0
10.0
10.0
10.0
10.0
10.0
10.0
10.0
10.0
10.0
10.0
33.0
10.0
10.0
10.0
10.0
10.0
10.0
16.0
10.0
36.0
33.0
2.0
10.0
10.0
33.0
33.0
10.0
10.0
33.0
36.0
33.0
33.0
10.0
33.0
10.0
10.0
22.0
2.0
36.0
22.0
10.0
10.0
2.0
10.0
10.0
10.0
10.0
20.0
22.0
33.0
10.0
33.0
10.0
10.0
33.0
33.0
43.0
36.0
36.0
10.0
10.0
10.0
10.0
10.0
2.0
10.0
10.0
10.0
43.0
10.0
36.0
10.0
20.0
10.0
16.0
