8.0
43.0
36.0
20.0
10.0
20.0
43.0
36.0
37.0
43.0
36.0
26.0
16.0
26.0
22.0
20.0
20.0
22.0
15.0
15.0
16.0
15.0
10.0
10.0
10.0
10.0
10.0
10.0
10.0
10.0
10.0
16.0
22.0
16.0
16.0
16.0
22.0
15.0
16.0
16.0
16.0
16.0
16.0
16.0
16.0
20.0
15.0
16.0
15.0
15.0
16.0
8.0
15.0
15.0
15.0
22.0
8.0
15.0
22.0
16.0
15.0
43.0
15.0
16.0
16.0
16.0
16.0
10.0
15.0
10.0
36.0
23.0
36.0
36.0
16.0
16.0
20.0
15.0
16.0
10.0
16.0
10.0
36.0
16.0
10.0
16.0
10.0
36.0
22.0
10.0
43.0
10.0
10.0
16.0
16.0
10.0
8.0
22.0
20.0
20.0
10.0
22.0
16.0
10.0
20.0
10.0
8.0
22.0
37.0
22.0
15.0
15.0
8.0
22.0
8.0
22.0
22.0
10.0
10.0
15.0
10.0
1.0
10.0
10.0
10.0
10.0
10.0
10.0
10.0
10.0
22.0
10.0
10.0
10.0
10.0
10.0
10.0
10.0
10.0
10.0
10.0
36.0
43.0
43.0
1.0
23.0
36.0
43.0
43.0
10.0
37.0
43.0
16.0
10.0
37.0
16.0
16.0
43.0
15.0
8.0
36.0
15.0
8.0
10.0
15.0
15.0
16.0
1.0
8.0
10.0
16.0
15.0
10.0
36.0
10.0
10.0
10.0
10.0
10.0
10.0
36.0
10.0
10.0
10.0
10.0
10.0
10.0
16.0
16.0
16.0
16.0
36.0
16.0
15.0
20.0
20.0
23.0
8.0
15.0
22.0
36.0
16.0
10.0
10.0
10.0
10.0
10.0
10.0
10.0
10.0
10.0
10.0
10.0
10.0
10.0
10.0
10.0
10.0
10.0
10.0
10.0
10.0
10.0
10.0
10.0
10.0
10.0
10.0
10.0
10.0
10.0
10.0
10.0
10.0
10.0
15.0
10.0
10.0
10.0
10.0
10.0
10.0
16.0
10.0
23.0
15.0
8.0
10.0
10.0
15.0
15.0
10.0
10.0
15.0
23.0
15.0
15.0
10.0
15.0
10.0
10.0
22.0
8.0
36.0
22.0
10.0
10.0
8.0
10.0
10.0
10.0
37.0
16.0
22.0
15.0
10.0
15.0
10.0
37.0
15.0
15.0
43.0
36.0
36.0
10.0
10.0
10.0
10.0
10.0
8.0
10.0
37.0
10.0
43.0
10.0
36.0
10.0
26.0
10.0
16.0
