16.0
20.0
37.0
16.0
37.0
20.0
37.0
37.0
37.0
37.0
37.0
20.0
16.0
20.0
20.0
20.0
20.0
20.0
16.0
16.0
16.0
16.0
8.0
8.0
10.0
37.0
37.0
8.0
37.0
37.0
8.0
16.0
16.0
16.0
16.0
16.0
20.0
16.0
16.0
16.0
16.0
16.0
16.0
16.0
20.0
16.0
16.0
16.0
16.0
16.0
16.0
16.0
20.0
16.0
16.0
20.0
16.0
16.0
16.0
16.0
16.0
16.0
16.0
16.0
16.0
16.0
16.0
37.0
16.0
37.0
37.0
37.0
37.0
37.0
16.0
16.0
20.0
16.0
16.0
37.0
16.0
37.0
37.0
16.0
37.0
16.0
37.0
37.0
16.0
22.0
16.0
37.0
37.0
20.0
16.0
37.0
16.0
16.0
16.0
20.0
20.0
20.0
16.0
37.0
16.0
20.0
16.0
20.0
37.0
20.0
16.0
16.0
16.0
20.0
16.0
16.0
20.0
37.0
37.0
16.0
37.0
37.0
37.0
37.0
37.0
37.0
37.0
37.0
37.0
37.0
16.0
37.0
37.0
37.0
37.0
37.0
37.0
37.0
37.0
37.0
37.0
37.0
16.0
16.0
37.0
37.0
37.0
16.0
16.0
37.0
37.0
16.0
16.0
37.0
37.0
16.0
16.0
16.0
16.0
16.0
37.0
16.0
16.0
37.0
16.0
16.0
16.0
37.0
16.0
37.0
16.0
16.0
10.0
37.0
37.0
37.0
37.0
37.0
37.0
37.0
37.0
37.0
37.0
37.0
37.0
37.0
37.0
16.0
16.0
16.0
16.0
37.0
16.0
16.0
20.0
20.0
37.0
16.0
16.0
20.0
37.0
16.0
37.0
37.0
37.0
37.0
37.0
37.0
37.0
37.0
37.0
37.0
37.0
37.0
37.0
37.0
37.0
37.0
37.0
37.0
37.0
37.0
37.0
37.0
37.0
37.0
37.0
37.0
37.0
37.0
37.0
37.0
37.0
37.0
37.0
16.0
37.0
37.0
37.0
37.0
37.0
37.0
16.0
37.0
37.0
16.0
16.0
37.0
37.0
16.0
16.0
37.0
37.0
16.0
37.0
16.0
16.0
37.0
16.0
37.0
37.0
20.0
16.0
37.0
20.0
37.0
37.0
16.0
37.0
37.0
37.0
37.0
20.0
20.0
16.0
37.0
16.0
37.0
37.0
16.0
16.0
16.0
37.0
37.0
37.0
37.0
37.0
37.0
37.0
16.0
37.0
37.0
37.0
16.0
37.0
37.0
37.0
20.0
37.0
16.0
